0 0 1
1 0 1
7 0 1
8 0 1
396 0 1
400 0 1
407 0 1
850 0 1
851 0 1
0 1 1
1 1 1
2 1 1
7 1 1
8 1 1
9 1 1
400 1 1
407 1 1
415 1 1
1 2 1
2 2 1
3 2 1
8 2 1
9 2 1
10 2 1
407 2 1
415 2 1
423 2 1
2 3 1
3 3 1
4 3 1
9 3 1
10 3 1
11 3 1
415 3 1
423 3 1
431 3 1
3 4 1
4 4 1
5 4 1
10 4 1
11 4 1
12 4 1
431 4 1
737 4 1
4 5 1
5 5 1
6 5 1
11 5 1
12 5 1
13 5 1
431 5 1
439 5 1
447 5 1
5 6 1
6 6 1
12 6 1
13 6 1
439 6 1
447 6 1
0 7 1
1 7 1
7 7 1
8 7 1
14 7 1
15 7 1
851 7 1
852 7 1
0 8 1
1 8 1
2 8 1
7 8 1
8 8 1
9 8 1
14 8 1
15 8 1
16 8 1
1 9 1
2 9 1
3 9 1
8 9 1
9 9 1
10 9 1
15 9 1
16 9 1
17 9 1
2 10 1
3 10 1
4 10 1
9 10 1
10 10 1
11 10 1
16 10 1
17 10 1
18 10 1
3 11 1
4 11 1
5 11 1
10 11 1
11 11 1
12 11 1
17 11 1
18 11 1
19 11 1
730 11 1
731 11 1
737 11 1
4 12 1
5 12 1
6 12 1
11 12 1
12 12 1
13 12 1
18 12 1
19 12 1
20 12 1
5 13 1
6 13 1
12 13 1
13 13 1
19 13 1
20 13 1
7 14 1
8 14 1
14 14 1
15 14 1
21 14 1
22 14 1
852 14 1
7 15 1
8 15 1
9 15 1
14 15 1
15 15 1
16 15 1
21 15 1
22 15 1
23 15 1
8 16 1
9 16 1
10 16 1
15 16 1
16 16 1
17 16 1
22 16 1
23 16 1
24 16 1
9 17 1
10 17 1
11 17 1
16 17 1
17 17 1
18 17 1
23 17 1
24 17 1
25 17 1
10 18 1
11 18 1
12 18 1
17 18 1
18 18 1
19 18 1
24 18 1
25 18 1
26 18 1
731 18 1
732 18 1
11 19 1
12 19 1
13 19 1
18 19 1
19 19 1
20 19 1
25 19 1
26 19 1
27 19 1
12 20 1
13 20 1
19 20 1
20 20 1
26 20 1
27 20 1
14 21 1
15 21 1
21 21 1
22 21 1
28 21 1
29 21 1
14 22 1
15 22 1
16 22 1
21 22 1
22 22 1
23 22 1
28 22 1
29 22 1
30 22 1
15 23 1
16 23 1
17 23 1
22 23 1
23 23 1
24 23 1
29 23 1
30 23 1
31 23 1
16 24 1
17 24 1
18 24 1
23 24 1
24 24 1
25 24 1
30 24 1
31 24 1
32 24 1
17 25 1
18 25 1
19 25 1
24 25 1
25 25 1
26 25 1
31 25 1
32 25 1
33 25 1
732 25 1
733 25 1
18 26 1
19 26 1
20 26 1
25 26 1
26 26 1
27 26 1
32 26 1
33 26 1
34 26 1
19 27 1
20 27 1
26 27 1
27 27 1
33 27 1
34 27 1
21 28 1
22 28 1
28 28 1
29 28 1
35 28 1
36 28 1
21 29 1
22 29 1
23 29 1
28 29 1
29 29 1
30 29 1
35 29 1
36 29 1
37 29 1
22 30 1
23 30 1
24 30 1
29 30 1
30 30 1
31 30 1
36 30 1
37 30 1
38 30 1
23 31 1
24 31 1
25 31 1
30 31 1
31 31 1
32 31 1
37 31 1
38 31 1
39 31 1
24 32 1
25 32 1
26 32 1
31 32 1
32 32 1
33 32 1
38 32 1
39 32 1
40 32 1
733 32 1
734 32 1
25 33 1
26 33 1
27 33 1
32 33 1
33 33 1
34 33 1
39 33 1
40 33 1
41 33 1
26 34 1
27 34 1
33 34 1
34 34 1
40 34 1
41 34 1
28 35 1
29 35 1
35 35 1
36 35 1
42 35 1
43 35 1
28 36 1
29 36 1
30 36 1
35 36 1
36 36 1
37 36 1
42 36 1
43 36 1
44 36 1
29 37 1
30 37 1
31 37 1
36 37 1
37 37 1
38 37 1
43 37 1
44 37 1
45 37 1
30 38 1
31 38 1
32 38 1
37 38 1
38 38 1
39 38 1
44 38 1
45 38 1
46 38 1
31 39 1
32 39 1
33 39 1
38 39 1
39 39 1
40 39 1
45 39 1
46 39 1
47 39 1
734 39 1
735 39 1
32 40 1
33 40 1
34 40 1
39 40 1
40 40 1
41 40 1
46 40 1
47 40 1
48 40 1
33 41 1
34 41 1
40 41 1
41 41 1
47 41 1
48 41 1
35 42 1
36 42 1
42 42 1
43 42 1
49 42 1
50 42 1
35 43 1
36 43 1
37 43 1
42 43 1
43 43 1
44 43 1
49 43 1
50 43 1
51 43 1
36 44 1
37 44 1
38 44 1
43 44 1
44 44 1
45 44 1
50 44 1
51 44 1
52 44 1
37 45 1
38 45 1
39 45 1
44 45 1
45 45 1
46 45 1
51 45 1
52 45 1
53 45 1
38 46 1
39 46 1
40 46 1
45 46 1
46 46 1
47 46 1
52 46 1
53 46 1
54 46 1
735 46 1
39 47 1
40 47 1
41 47 1
46 47 1
47 47 1
48 47 1
53 47 1
54 47 1
55 47 1
40 48 1
41 48 1
47 48 1
48 48 1
54 48 1
55 48 1
42 49 1
43 49 1
49 49 1
50 49 1
56 49 1
57 49 1
42 50 1
43 50 1
44 50 1
49 50 1
50 50 1
51 50 1
56 50 1
57 50 1
58 50 1
43 51 1
44 51 1
45 51 1
50 51 1
51 51 1
52 51 1
57 51 1
58 51 1
59 51 1
44 52 1
45 52 1
46 52 1
51 52 1
52 52 1
53 52 1
58 52 1
59 52 1
60 52 1
45 53 1
46 53 1
47 53 1
52 53 1
53 53 1
54 53 1
59 53 1
60 53 1
61 53 1
735 53 1
747 53 1
46 54 1
47 54 1
48 54 1
53 54 1
54 54 1
55 54 1
60 54 1
61 54 1
62 54 1
47 55 1
48 55 1
54 55 1
55 55 1
61 55 1
62 55 1
49 56 1
50 56 1
56 56 1
57 56 1
63 56 1
64 56 1
49 57 1
50 57 1
51 57 1
56 57 1
57 57 1
58 57 1
63 57 1
64 57 1
65 57 1
50 58 1
51 58 1
52 58 1
57 58 1
58 58 1
59 58 1
64 58 1
65 58 1
66 58 1
51 59 1
52 59 1
53 59 1
58 59 1
59 59 1
60 59 1
65 59 1
66 59 1
67 59 1
52 60 1
53 60 1
54 60 1
59 60 1
60 60 1
61 60 1
66 60 1
67 60 1
68 60 1
746 60 1
747 60 1
53 61 1
54 61 1
55 61 1
60 61 1
61 61 1
62 61 1
67 61 1
68 61 1
69 61 1
54 62 1
55 62 1
61 62 1
62 62 1
68 62 1
69 62 1
56 63 1
57 63 1
63 63 1
64 63 1
70 63 1
71 63 1
56 64 1
57 64 1
58 64 1
63 64 1
64 64 1
65 64 1
70 64 1
71 64 1
72 64 1
57 65 1
58 65 1
59 65 1
64 65 1
65 65 1
66 65 1
71 65 1
72 65 1
73 65 1
58 66 1
59 66 1
60 66 1
65 66 1
66 66 1
67 66 1
72 66 1
73 66 1
74 66 1
59 67 1
60 67 1
61 67 1
66 67 1
67 67 1
68 67 1
73 67 1
74 67 1
75 67 1
745 67 1
746 67 1
60 68 1
61 68 1
62 68 1
67 68 1
68 68 1
69 68 1
74 68 1
75 68 1
76 68 1
61 69 1
62 69 1
68 69 1
69 69 1
75 69 1
76 69 1
63 70 1
64 70 1
70 70 1
71 70 1
77 70 1
78 70 1
868 70 1
63 71 1
64 71 1
65 71 1
70 71 1
71 71 1
72 71 1
77 71 1
78 71 1
79 71 1
64 72 1
65 72 1
66 72 1
71 72 1
72 72 1
73 72 1
78 72 1
79 72 1
80 72 1
65 73 1
66 73 1
67 73 1
72 73 1
73 73 1
74 73 1
79 73 1
80 73 1
81 73 1
66 74 1
67 74 1
68 74 1
73 74 1
74 74 1
75 74 1
80 74 1
81 74 1
82 74 1
744 74 1
745 74 1
67 75 1
68 75 1
69 75 1
74 75 1
75 75 1
76 75 1
81 75 1
82 75 1
83 75 1
68 76 1
69 76 1
75 76 1
76 76 1
82 76 1
83 76 1
70 77 1
71 77 1
77 77 1
78 77 1
84 77 1
85 77 1
867 77 1
868 77 1
70 78 1
71 78 1
72 78 1
77 78 1
78 78 1
79 78 1
84 78 1
85 78 1
86 78 1
71 79 1
72 79 1
73 79 1
78 79 1
79 79 1
80 79 1
85 79 1
86 79 1
87 79 1
72 80 1
73 80 1
74 80 1
79 80 1
80 80 1
81 80 1
86 80 1
87 80 1
88 80 1
73 81 1
74 81 1
75 81 1
80 81 1
81 81 1
82 81 1
87 81 1
88 81 1
89 81 1
743 81 1
744 81 1
749 81 1
74 82 1
75 82 1
76 82 1
81 82 1
82 82 1
83 82 1
88 82 1
89 82 1
90 82 1
75 83 1
76 83 1
82 83 1
83 83 1
89 83 1
90 83 1
77 84 1
78 84 1
84 84 1
85 84 1
482 84 1
486 84 1
493 84 1
866 84 1
867 84 1
77 85 1
78 85 1
79 85 1
84 85 1
85 85 1
86 85 1
486 85 1
493 85 1
501 85 1
78 86 1
79 86 1
80 86 1
85 86 1
86 86 1
87 86 1
493 86 1
501 86 1
509 86 1
79 87 1
80 87 1
81 87 1
86 87 1
87 87 1
88 87 1
501 87 1
509 87 1
517 87 1
80 88 1
81 88 1
82 88 1
87 88 1
88 88 1
89 88 1
517 88 1
749 88 1
81 89 1
82 89 1
83 89 1
88 89 1
89 89 1
90 89 1
517 89 1
525 89 1
533 89 1
82 90 1
83 90 1
89 90 1
90 90 1
525 90 1
533 90 1
91 91 1
92 91 1
98 91 1
99 91 1
482 91 1
486 91 1
493 91 1
886 91 1
887 91 1
91 92 1
92 92 1
93 92 1
98 92 1
99 92 1
100 92 1
486 92 1
493 92 1
501 92 1
92 93 1
93 93 1
94 93 1
99 93 1
100 93 1
101 93 1
493 93 1
501 93 1
509 93 1
93 94 1
94 94 1
95 94 1
100 94 1
101 94 1
102 94 1
501 94 1
509 94 1
517 94 1
94 95 1
95 95 1
96 95 1
101 95 1
102 95 1
103 95 1
517 95 1
762 95 1
95 96 1
96 96 1
97 96 1
102 96 1
103 96 1
104 96 1
517 96 1
525 96 1
533 96 1
96 97 1
97 97 1
103 97 1
104 97 1
525 97 1
533 97 1
91 98 1
92 98 1
98 98 1
99 98 1
105 98 1
106 98 1
887 98 1
888 98 1
91 99 1
92 99 1
93 99 1
98 99 1
99 99 1
100 99 1
105 99 1
106 99 1
107 99 1
92 100 1
93 100 1
94 100 1
99 100 1
100 100 1
101 100 1
106 100 1
107 100 1
108 100 1
93 101 1
94 101 1
95 101 1
100 101 1
101 101 1
102 101 1
107 101 1
108 101 1
109 101 1
94 102 1
95 102 1
96 102 1
101 102 1
102 102 1
103 102 1
108 102 1
109 102 1
110 102 1
755 102 1
756 102 1
762 102 1
95 103 1
96 103 1
97 103 1
102 103 1
103 103 1
104 103 1
109 103 1
110 103 1
111 103 1
96 104 1
97 104 1
103 104 1
104 104 1
110 104 1
111 104 1
98 105 1
99 105 1
105 105 1
106 105 1
112 105 1
113 105 1
888 105 1
98 106 1
99 106 1
100 106 1
105 106 1
106 106 1
107 106 1
112 106 1
113 106 1
114 106 1
99 107 1
100 107 1
101 107 1
106 107 1
107 107 1
108 107 1
113 107 1
114 107 1
115 107 1
100 108 1
101 108 1
102 108 1
107 108 1
108 108 1
109 108 1
114 108 1
115 108 1
116 108 1
101 109 1
102 109 1
103 109 1
108 109 1
109 109 1
110 109 1
115 109 1
116 109 1
117 109 1
756 109 1
757 109 1
102 110 1
103 110 1
104 110 1
109 110 1
110 110 1
111 110 1
116 110 1
117 110 1
118 110 1
103 111 1
104 111 1
110 111 1
111 111 1
117 111 1
118 111 1
105 112 1
106 112 1
112 112 1
113 112 1
119 112 1
120 112 1
105 113 1
106 113 1
107 113 1
112 113 1
113 113 1
114 113 1
119 113 1
120 113 1
121 113 1
106 114 1
107 114 1
108 114 1
113 114 1
114 114 1
115 114 1
120 114 1
121 114 1
122 114 1
107 115 1
108 115 1
109 115 1
114 115 1
115 115 1
116 115 1
121 115 1
122 115 1
123 115 1
108 116 1
109 116 1
110 116 1
115 116 1
116 116 1
117 116 1
122 116 1
123 116 1
124 116 1
757 116 1
758 116 1
109 117 1
110 117 1
111 117 1
116 117 1
117 117 1
118 117 1
123 117 1
124 117 1
125 117 1
110 118 1
111 118 1
117 118 1
118 118 1
124 118 1
125 118 1
112 119 1
113 119 1
119 119 1
120 119 1
126 119 1
127 119 1
112 120 1
113 120 1
114 120 1
119 120 1
120 120 1
121 120 1
126 120 1
127 120 1
128 120 1
113 121 1
114 121 1
115 121 1
120 121 1
121 121 1
122 121 1
127 121 1
128 121 1
129 121 1
114 122 1
115 122 1
116 122 1
121 122 1
122 122 1
123 122 1
128 122 1
129 122 1
130 122 1
115 123 1
116 123 1
117 123 1
122 123 1
123 123 1
124 123 1
129 123 1
130 123 1
131 123 1
758 123 1
759 123 1
116 124 1
117 124 1
118 124 1
123 124 1
124 124 1
125 124 1
130 124 1
131 124 1
132 124 1
117 125 1
118 125 1
124 125 1
125 125 1
131 125 1
132 125 1
119 126 1
120 126 1
126 126 1
127 126 1
133 126 1
134 126 1
119 127 1
120 127 1
121 127 1
126 127 1
127 127 1
128 127 1
133 127 1
134 127 1
135 127 1
120 128 1
121 128 1
122 128 1
127 128 1
128 128 1
129 128 1
134 128 1
135 128 1
136 128 1
121 129 1
122 129 1
123 129 1
128 129 1
129 129 1
130 129 1
135 129 1
136 129 1
137 129 1
122 130 1
123 130 1
124 130 1
129 130 1
130 130 1
131 130 1
136 130 1
137 130 1
138 130 1
759 130 1
760 130 1
123 131 1
124 131 1
125 131 1
130 131 1
131 131 1
132 131 1
137 131 1
138 131 1
139 131 1
124 132 1
125 132 1
131 132 1
132 132 1
138 132 1
139 132 1
126 133 1
127 133 1
133 133 1
134 133 1
140 133 1
141 133 1
126 134 1
127 134 1
128 134 1
133 134 1
134 134 1
135 134 1
140 134 1
141 134 1
142 134 1
127 135 1
128 135 1
129 135 1
134 135 1
135 135 1
136 135 1
141 135 1
142 135 1
143 135 1
128 136 1
129 136 1
130 136 1
135 136 1
136 136 1
137 136 1
142 136 1
143 136 1
144 136 1
129 137 1
130 137 1
131 137 1
136 137 1
137 137 1
138 137 1
143 137 1
144 137 1
145 137 1
760 137 1
130 138 1
131 138 1
132 138 1
137 138 1
138 138 1
139 138 1
144 138 1
145 138 1
146 138 1
131 139 1
132 139 1
138 139 1
139 139 1
145 139 1
146 139 1
133 140 1
134 140 1
140 140 1
141 140 1
147 140 1
148 140 1
133 141 1
134 141 1
135 141 1
140 141 1
141 141 1
142 141 1
147 141 1
148 141 1
149 141 1
134 142 1
135 142 1
136 142 1
141 142 1
142 142 1
143 142 1
148 142 1
149 142 1
150 142 1
135 143 1
136 143 1
137 143 1
142 143 1
143 143 1
144 143 1
149 143 1
150 143 1
151 143 1
136 144 1
137 144 1
138 144 1
143 144 1
144 144 1
145 144 1
150 144 1
151 144 1
152 144 1
760 144 1
772 144 1
137 145 1
138 145 1
139 145 1
144 145 1
145 145 1
146 145 1
151 145 1
152 145 1
153 145 1
138 146 1
139 146 1
145 146 1
146 146 1
152 146 1
153 146 1
140 147 1
141 147 1
147 147 1
148 147 1
154 147 1
155 147 1
140 148 1
141 148 1
142 148 1
147 148 1
148 148 1
149 148 1
154 148 1
155 148 1
156 148 1
141 149 1
142 149 1
143 149 1
148 149 1
149 149 1
150 149 1
155 149 1
156 149 1
157 149 1
142 150 1
143 150 1
144 150 1
149 150 1
150 150 1
151 150 1
156 150 1
157 150 1
158 150 1
143 151 1
144 151 1
145 151 1
150 151 1
151 151 1
152 151 1
157 151 1
158 151 1
159 151 1
771 151 1
772 151 1
144 152 1
145 152 1
146 152 1
151 152 1
152 152 1
153 152 1
158 152 1
159 152 1
160 152 1
145 153 1
146 153 1
152 153 1
153 153 1
159 153 1
160 153 1
147 154 1
148 154 1
154 154 1
155 154 1
161 154 1
162 154 1
147 155 1
148 155 1
149 155 1
154 155 1
155 155 1
156 155 1
161 155 1
162 155 1
163 155 1
148 156 1
149 156 1
150 156 1
155 156 1
156 156 1
157 156 1
162 156 1
163 156 1
164 156 1
149 157 1
150 157 1
151 157 1
156 157 1
157 157 1
158 157 1
163 157 1
164 157 1
165 157 1
150 158 1
151 158 1
152 158 1
157 158 1
158 158 1
159 158 1
164 158 1
165 158 1
166 158 1
770 158 1
771 158 1
151 159 1
152 159 1
153 159 1
158 159 1
159 159 1
160 159 1
165 159 1
166 159 1
167 159 1
152 160 1
153 160 1
159 160 1
160 160 1
166 160 1
167 160 1
154 161 1
155 161 1
161 161 1
162 161 1
168 161 1
169 161 1
904 161 1
154 162 1
155 162 1
156 162 1
161 162 1
162 162 1
163 162 1
168 162 1
169 162 1
170 162 1
155 163 1
156 163 1
157 163 1
162 163 1
163 163 1
164 163 1
169 163 1
170 163 1
171 163 1
156 164 1
157 164 1
158 164 1
163 164 1
164 164 1
165 164 1
170 164 1
171 164 1
172 164 1
157 165 1
158 165 1
159 165 1
164 165 1
165 165 1
166 165 1
171 165 1
172 165 1
173 165 1
769 165 1
770 165 1
158 166 1
159 166 1
160 166 1
165 166 1
166 166 1
167 166 1
172 166 1
173 166 1
174 166 1
159 167 1
160 167 1
166 167 1
167 167 1
173 167 1
174 167 1
161 168 1
162 168 1
168 168 1
169 168 1
175 168 1
176 168 1
903 168 1
904 168 1
161 169 1
162 169 1
163 169 1
168 169 1
169 169 1
170 169 1
175 169 1
176 169 1
177 169 1
162 170 1
163 170 1
164 170 1
169 170 1
170 170 1
171 170 1
176 170 1
177 170 1
178 170 1
163 171 1
164 171 1
165 171 1
170 171 1
171 171 1
172 171 1
177 171 1
178 171 1
179 171 1
164 172 1
165 172 1
166 172 1
171 172 1
172 172 1
173 172 1
178 172 1
179 172 1
180 172 1
768 172 1
769 172 1
774 172 1
165 173 1
166 173 1
167 173 1
172 173 1
173 173 1
174 173 1
179 173 1
180 173 1
181 173 1
166 174 1
167 174 1
173 174 1
174 174 1
180 174 1
181 174 1
168 175 1
169 175 1
175 175 1
176 175 1
568 175 1
572 175 1
579 175 1
902 175 1
903 175 1
168 176 1
169 176 1
170 176 1
175 176 1
176 176 1
177 176 1
572 176 1
579 176 1
587 176 1
169 177 1
170 177 1
171 177 1
176 177 1
177 177 1
178 177 1
579 177 1
587 177 1
595 177 1
170 178 1
171 178 1
172 178 1
177 178 1
178 178 1
179 178 1
587 178 1
595 178 1
603 178 1
171 179 1
172 179 1
173 179 1
178 179 1
179 179 1
180 179 1
603 179 1
774 179 1
172 180 1
173 180 1
174 180 1
179 180 1
180 180 1
181 180 1
603 180 1
611 180 1
619 180 1
173 181 1
174 181 1
180 181 1
181 181 1
611 181 1
619 181 1
182 182 1
183 182 1
189 182 1
190 182 1
568 182 1
572 182 1
579 182 1
922 182 1
923 182 1
182 183 1
183 183 1
184 183 1
189 183 1
190 183 1
191 183 1
572 183 1
579 183 1
587 183 1
183 184 1
184 184 1
185 184 1
190 184 1
191 184 1
192 184 1
579 184 1
587 184 1
595 184 1
184 185 1
185 185 1
186 185 1
191 185 1
192 185 1
193 185 1
587 185 1
595 185 1
603 185 1
185 186 1
186 186 1
187 186 1
192 186 1
193 186 1
194 186 1
603 186 1
787 186 1
186 187 1
187 187 1
188 187 1
193 187 1
194 187 1
195 187 1
603 187 1
611 187 1
619 187 1
187 188 1
188 188 1
194 188 1
195 188 1
611 188 1
619 188 1
182 189 1
183 189 1
189 189 1
190 189 1
196 189 1
197 189 1
923 189 1
924 189 1
182 190 1
183 190 1
184 190 1
189 190 1
190 190 1
191 190 1
196 190 1
197 190 1
198 190 1
183 191 1
184 191 1
185 191 1
190 191 1
191 191 1
192 191 1
197 191 1
198 191 1
199 191 1
184 192 1
185 192 1
186 192 1
191 192 1
192 192 1
193 192 1
198 192 1
199 192 1
200 192 1
185 193 1
186 193 1
187 193 1
192 193 1
193 193 1
194 193 1
199 193 1
200 193 1
201 193 1
780 193 1
781 193 1
787 193 1
186 194 1
187 194 1
188 194 1
193 194 1
194 194 1
195 194 1
200 194 1
201 194 1
202 194 1
187 195 1
188 195 1
194 195 1
195 195 1
201 195 1
202 195 1
189 196 1
190 196 1
196 196 1
197 196 1
203 196 1
204 196 1
924 196 1
189 197 1
190 197 1
191 197 1
196 197 1
197 197 1
198 197 1
203 197 1
204 197 1
205 197 1
190 198 1
191 198 1
192 198 1
197 198 1
198 198 1
199 198 1
204 198 1
205 198 1
206 198 1
191 199 1
192 199 1
193 199 1
198 199 1
199 199 1
200 199 1
205 199 1
206 199 1
207 199 1
192 200 1
193 200 1
194 200 1
199 200 1
200 200 1
201 200 1
206 200 1
207 200 1
208 200 1
781 200 1
782 200 1
193 201 1
194 201 1
195 201 1
200 201 1
201 201 1
202 201 1
207 201 1
208 201 1
209 201 1
194 202 1
195 202 1
201 202 1
202 202 1
208 202 1
209 202 1
196 203 1
197 203 1
203 203 1
204 203 1
210 203 1
211 203 1
196 204 1
197 204 1
198 204 1
203 204 1
204 204 1
205 204 1
210 204 1
211 204 1
212 204 1
197 205 1
198 205 1
199 205 1
204 205 1
205 205 1
206 205 1
211 205 1
212 205 1
213 205 1
198 206 1
199 206 1
200 206 1
205 206 1
206 206 1
207 206 1
212 206 1
213 206 1
214 206 1
199 207 1
200 207 1
201 207 1
206 207 1
207 207 1
208 207 1
213 207 1
214 207 1
215 207 1
782 207 1
783 207 1
200 208 1
201 208 1
202 208 1
207 208 1
208 208 1
209 208 1
214 208 1
215 208 1
216 208 1
201 209 1
202 209 1
208 209 1
209 209 1
215 209 1
216 209 1
203 210 1
204 210 1
210 210 1
211 210 1
217 210 1
218 210 1
203 211 1
204 211 1
205 211 1
210 211 1
211 211 1
212 211 1
217 211 1
218 211 1
219 211 1
204 212 1
205 212 1
206 212 1
211 212 1
212 212 1
213 212 1
218 212 1
219 212 1
220 212 1
205 213 1
206 213 1
207 213 1
212 213 1
213 213 1
214 213 1
219 213 1
220 213 1
221 213 1
206 214 1
207 214 1
208 214 1
213 214 1
214 214 1
215 214 1
220 214 1
221 214 1
222 214 1
783 214 1
784 214 1
207 215 1
208 215 1
209 215 1
214 215 1
215 215 1
216 215 1
221 215 1
222 215 1
223 215 1
208 216 1
209 216 1
215 216 1
216 216 1
222 216 1
223 216 1
210 217 1
211 217 1
217 217 1
218 217 1
224 217 1
225 217 1
210 218 1
211 218 1
212 218 1
217 218 1
218 218 1
219 218 1
224 218 1
225 218 1
226 218 1
211 219 1
212 219 1
213 219 1
218 219 1
219 219 1
220 219 1
225 219 1
226 219 1
227 219 1
212 220 1
213 220 1
214 220 1
219 220 1
220 220 1
221 220 1
226 220 1
227 220 1
228 220 1
213 221 1
214 221 1
215 221 1
220 221 1
221 221 1
222 221 1
227 221 1
228 221 1
229 221 1
784 221 1
785 221 1
214 222 1
215 222 1
216 222 1
221 222 1
222 222 1
223 222 1
228 222 1
229 222 1
230 222 1
215 223 1
216 223 1
222 223 1
223 223 1
229 223 1
230 223 1
217 224 1
218 224 1
224 224 1
225 224 1
231 224 1
232 224 1
217 225 1
218 225 1
219 225 1
224 225 1
225 225 1
226 225 1
231 225 1
232 225 1
233 225 1
218 226 1
219 226 1
220 226 1
225 226 1
226 226 1
227 226 1
232 226 1
233 226 1
234 226 1
219 227 1
220 227 1
221 227 1
226 227 1
227 227 1
228 227 1
233 227 1
234 227 1
235 227 1
220 228 1
221 228 1
222 228 1
227 228 1
228 228 1
229 228 1
234 228 1
235 228 1
236 228 1
785 228 1
221 229 1
222 229 1
223 229 1
228 229 1
229 229 1
230 229 1
235 229 1
236 229 1
237 229 1
222 230 1
223 230 1
229 230 1
230 230 1
236 230 1
237 230 1
224 231 1
225 231 1
231 231 1
232 231 1
238 231 1
239 231 1
224 232 1
225 232 1
226 232 1
231 232 1
232 232 1
233 232 1
238 232 1
239 232 1
240 232 1
225 233 1
226 233 1
227 233 1
232 233 1
233 233 1
234 233 1
239 233 1
240 233 1
241 233 1
226 234 1
227 234 1
228 234 1
233 234 1
234 234 1
235 234 1
240 234 1
241 234 1
242 234 1
227 235 1
228 235 1
229 235 1
234 235 1
235 235 1
236 235 1
241 235 1
242 235 1
243 235 1
785 235 1
797 235 1
228 236 1
229 236 1
230 236 1
235 236 1
236 236 1
237 236 1
242 236 1
243 236 1
244 236 1
229 237 1
230 237 1
236 237 1
237 237 1
243 237 1
244 237 1
231 238 1
232 238 1
238 238 1
239 238 1
245 238 1
246 238 1
231 239 1
232 239 1
233 239 1
238 239 1
239 239 1
240 239 1
245 239 1
246 239 1
247 239 1
232 240 1
233 240 1
234 240 1
239 240 1
240 240 1
241 240 1
246 240 1
247 240 1
248 240 1
233 241 1
234 241 1
235 241 1
240 241 1
241 241 1
242 241 1
247 241 1
248 241 1
249 241 1
234 242 1
235 242 1
236 242 1
241 242 1
242 242 1
243 242 1
248 242 1
249 242 1
250 242 1
796 242 1
797 242 1
235 243 1
236 243 1
237 243 1
242 243 1
243 243 1
244 243 1
249 243 1
250 243 1
251 243 1
236 244 1
237 244 1
243 244 1
244 244 1
250 244 1
251 244 1
238 245 1
239 245 1
245 245 1
246 245 1
252 245 1
253 245 1
238 246 1
239 246 1
240 246 1
245 246 1
246 246 1
247 246 1
252 246 1
253 246 1
254 246 1
239 247 1
240 247 1
241 247 1
246 247 1
247 247 1
248 247 1
253 247 1
254 247 1
255 247 1
240 248 1
241 248 1
242 248 1
247 248 1
248 248 1
249 248 1
254 248 1
255 248 1
256 248 1
241 249 1
242 249 1
243 249 1
248 249 1
249 249 1
250 249 1
255 249 1
256 249 1
257 249 1
795 249 1
796 249 1
242 250 1
243 250 1
244 250 1
249 250 1
250 250 1
251 250 1
256 250 1
257 250 1
258 250 1
243 251 1
244 251 1
250 251 1
251 251 1
257 251 1
258 251 1
245 252 1
246 252 1
252 252 1
253 252 1
259 252 1
260 252 1
940 252 1
245 253 1
246 253 1
247 253 1
252 253 1
253 253 1
254 253 1
259 253 1
260 253 1
261 253 1
246 254 1
247 254 1
248 254 1
253 254 1
254 254 1
255 254 1
260 254 1
261 254 1
262 254 1
247 255 1
248 255 1
249 255 1
254 255 1
255 255 1
256 255 1
261 255 1
262 255 1
263 255 1
248 256 1
249 256 1
250 256 1
255 256 1
256 256 1
257 256 1
262 256 1
263 256 1
264 256 1
794 256 1
795 256 1
249 257 1
250 257 1
251 257 1
256 257 1
257 257 1
258 257 1
263 257 1
264 257 1
265 257 1
250 258 1
251 258 1
257 258 1
258 258 1
264 258 1
265 258 1
252 259 1
253 259 1
259 259 1
260 259 1
266 259 1
267 259 1
939 259 1
940 259 1
252 260 1
253 260 1
254 260 1
259 260 1
260 260 1
261 260 1
266 260 1
267 260 1
268 260 1
253 261 1
254 261 1
255 261 1
260 261 1
261 261 1
262 261 1
267 261 1
268 261 1
269 261 1
254 262 1
255 262 1
256 262 1
261 262 1
262 262 1
263 262 1
268 262 1
269 262 1
270 262 1
255 263 1
256 263 1
257 263 1
262 263 1
263 263 1
264 263 1
269 263 1
270 263 1
271 263 1
793 263 1
794 263 1
799 263 1
256 264 1
257 264 1
258 264 1
263 264 1
264 264 1
265 264 1
270 264 1
271 264 1
272 264 1
257 265 1
258 265 1
264 265 1
265 265 1
271 265 1
272 265 1
259 266 1
260 266 1
266 266 1
267 266 1
654 266 1
658 266 1
665 266 1
938 266 1
939 266 1
259 267 1
260 267 1
261 267 1
266 267 1
267 267 1
268 267 1
658 267 1
665 267 1
673 267 1
260 268 1
261 268 1
262 268 1
267 268 1
268 268 1
269 268 1
665 268 1
673 268 1
681 268 1
261 269 1
262 269 1
263 269 1
268 269 1
269 269 1
270 269 1
673 269 1
681 269 1
689 269 1
262 270 1
263 270 1
264 270 1
269 270 1
270 270 1
271 270 1
689 270 1
799 270 1
263 271 1
264 271 1
265 271 1
270 271 1
271 271 1
272 271 1
689 271 1
697 271 1
705 271 1
264 272 1
265 272 1
271 272 1
272 272 1
697 272 1
705 272 1
273 273 1
274 273 1
280 273 1
281 273 1
654 273 1
658 273 1
665 273 1
953 273 1
954 273 1
273 274 1
274 274 1
275 274 1
280 274 1
281 274 1
282 274 1
658 274 1
665 274 1
673 274 1
274 275 1
275 275 1
276 275 1
281 275 1
282 275 1
283 275 1
665 275 1
673 275 1
681 275 1
275 276 1
276 276 1
277 276 1
282 276 1
283 276 1
284 276 1
673 276 1
681 276 1
689 276 1
276 277 1
277 277 1
278 277 1
283 277 1
284 277 1
285 277 1
689 277 1
811 277 1
277 278 1
278 278 1
279 278 1
284 278 1
285 278 1
286 278 1
689 278 1
697 278 1
705 278 1
278 279 1
279 279 1
285 279 1
286 279 1
697 279 1
705 279 1
273 280 1
274 280 1
280 280 1
281 280 1
287 280 1
288 280 1
954 280 1
955 280 1
273 281 1
274 281 1
275 281 1
280 281 1
281 281 1
282 281 1
287 281 1
288 281 1
289 281 1
274 282 1
275 282 1
276 282 1
281 282 1
282 282 1
283 282 1
288 282 1
289 282 1
290 282 1
275 283 1
276 283 1
277 283 1
282 283 1
283 283 1
284 283 1
289 283 1
290 283 1
291 283 1
276 284 1
277 284 1
278 284 1
283 284 1
284 284 1
285 284 1
290 284 1
291 284 1
292 284 1
805 284 1
806 284 1
811 284 1
277 285 1
278 285 1
279 285 1
284 285 1
285 285 1
286 285 1
291 285 1
292 285 1
293 285 1
278 286 1
279 286 1
285 286 1
286 286 1
292 286 1
293 286 1
280 287 1
281 287 1
287 287 1
288 287 1
294 287 1
295 287 1
955 287 1
280 288 1
281 288 1
282 288 1
287 288 1
288 288 1
289 288 1
294 288 1
295 288 1
296 288 1
281 289 1
282 289 1
283 289 1
288 289 1
289 289 1
290 289 1
295 289 1
296 289 1
297 289 1
282 290 1
283 290 1
284 290 1
289 290 1
290 290 1
291 290 1
296 290 1
297 290 1
298 290 1
283 291 1
284 291 1
285 291 1
290 291 1
291 291 1
292 291 1
297 291 1
298 291 1
299 291 1
806 291 1
807 291 1
284 292 1
285 292 1
286 292 1
291 292 1
292 292 1
293 292 1
298 292 1
299 292 1
300 292 1
285 293 1
286 293 1
292 293 1
293 293 1
299 293 1
300 293 1
287 294 1
288 294 1
294 294 1
295 294 1
301 294 1
302 294 1
287 295 1
288 295 1
289 295 1
294 295 1
295 295 1
296 295 1
301 295 1
302 295 1
303 295 1
288 296 1
289 296 1
290 296 1
295 296 1
296 296 1
297 296 1
302 296 1
303 296 1
304 296 1
289 297 1
290 297 1
291 297 1
296 297 1
297 297 1
298 297 1
303 297 1
304 297 1
305 297 1
290 298 1
291 298 1
292 298 1
297 298 1
298 298 1
299 298 1
304 298 1
305 298 1
306 298 1
807 298 1
808 298 1
291 299 1
292 299 1
293 299 1
298 299 1
299 299 1
300 299 1
305 299 1
306 299 1
307 299 1
292 300 1
293 300 1
299 300 1
300 300 1
306 300 1
307 300 1
294 301 1
295 301 1
301 301 1
302 301 1
308 301 1
309 301 1
294 302 1
295 302 1
296 302 1
301 302 1
302 302 1
303 302 1
308 302 1
309 302 1
310 302 1
295 303 1
296 303 1
297 303 1
302 303 1
303 303 1
304 303 1
309 303 1
310 303 1
311 303 1
296 304 1
297 304 1
298 304 1
303 304 1
304 304 1
305 304 1
310 304 1
311 304 1
312 304 1
297 305 1
298 305 1
299 305 1
304 305 1
305 305 1
306 305 1
311 305 1
312 305 1
313 305 1
808 305 1
809 305 1
298 306 1
299 306 1
300 306 1
305 306 1
306 306 1
307 306 1
312 306 1
313 306 1
314 306 1
299 307 1
300 307 1
306 307 1
307 307 1
313 307 1
314 307 1
301 308 1
302 308 1
308 308 1
309 308 1
315 308 1
316 308 1
301 309 1
302 309 1
303 309 1
308 309 1
309 309 1
310 309 1
315 309 1
316 309 1
317 309 1
302 310 1
303 310 1
304 310 1
309 310 1
310 310 1
311 310 1
316 310 1
317 310 1
318 310 1
303 311 1
304 311 1
305 311 1
310 311 1
311 311 1
312 311 1
317 311 1
318 311 1
319 311 1
304 312 1
305 312 1
306 312 1
311 312 1
312 312 1
313 312 1
318 312 1
319 312 1
320 312 1
722 312 1
809 312 1
305 313 1
306 313 1
307 313 1
312 313 1
313 313 1
314 313 1
319 313 1
320 313 1
321 313 1
306 314 1
307 314 1
313 314 1
314 314 1
320 314 1
321 314 1
308 315 1
309 315 1
315 315 1
316 315 1
322 315 1
323 315 1
308 316 1
309 316 1
310 316 1
315 316 1
316 316 1
317 316 1
322 316 1
323 316 1
324 316 1
309 317 1
310 317 1
311 317 1
316 317 1
317 317 1
318 317 1
323 317 1
324 317 1
325 317 1
310 318 1
311 318 1
312 318 1
317 318 1
318 318 1
319 318 1
324 318 1
325 318 1
326 318 1
311 319 1
312 319 1
313 319 1
318 319 1
319 319 1
320 319 1
325 319 1
326 319 1
327 319 1
722 319 1
312 320 1
313 320 1
314 320 1
319 320 1
320 320 1
321 320 1
326 320 1
327 320 1
328 320 1
313 321 1
314 321 1
320 321 1
321 321 1
327 321 1
328 321 1
315 322 1
316 322 1
322 322 1
323 322 1
329 322 1
330 322 1
315 323 1
316 323 1
317 323 1
322 323 1
323 323 1
324 323 1
329 323 1
330 323 1
331 323 1
316 324 1
317 324 1
318 324 1
323 324 1
324 324 1
325 324 1
330 324 1
331 324 1
332 324 1
317 325 1
318 325 1
319 325 1
324 325 1
325 325 1
326 325 1
331 325 1
332 325 1
333 325 1
318 326 1
319 326 1
320 326 1
325 326 1
326 326 1
327 326 1
332 326 1
333 326 1
334 326 1
721 326 1
722 326 1
319 327 1
320 327 1
321 327 1
326 327 1
327 327 1
328 327 1
333 327 1
334 327 1
335 327 1
320 328 1
321 328 1
327 328 1
328 328 1
334 328 1
335 328 1
322 329 1
323 329 1
329 329 1
330 329 1
336 329 1
337 329 1
322 330 1
323 330 1
324 330 1
329 330 1
330 330 1
331 330 1
336 330 1
337 330 1
338 330 1
323 331 1
324 331 1
325 331 1
330 331 1
331 331 1
332 331 1
337 331 1
338 331 1
339 331 1
324 332 1
325 332 1
326 332 1
331 332 1
332 332 1
333 332 1
338 332 1
339 332 1
340 332 1
325 333 1
326 333 1
327 333 1
332 333 1
333 333 1
334 333 1
339 333 1
340 333 1
341 333 1
720 333 1
721 333 1
326 334 1
327 334 1
328 334 1
333 334 1
334 334 1
335 334 1
340 334 1
341 334 1
342 334 1
327 335 1
328 335 1
334 335 1
335 335 1
341 335 1
342 335 1
329 336 1
330 336 1
336 336 1
337 336 1
343 336 1
344 336 1
329 337 1
330 337 1
331 337 1
336 337 1
337 337 1
338 337 1
343 337 1
344 337 1
345 337 1
330 338 1
331 338 1
332 338 1
337 338 1
338 338 1
339 338 1
344 338 1
345 338 1
346 338 1
331 339 1
332 339 1
333 339 1
338 339 1
339 339 1
340 339 1
345 339 1
346 339 1
347 339 1
332 340 1
333 340 1
334 340 1
339 340 1
340 340 1
341 340 1
346 340 1
347 340 1
348 340 1
719 340 1
720 340 1
333 341 1
334 341 1
335 341 1
340 341 1
341 341 1
342 341 1
347 341 1
348 341 1
349 341 1
334 342 1
335 342 1
341 342 1
342 342 1
348 342 1
349 342 1
336 343 1
337 343 1
343 343 1
344 343 1
350 343 1
351 343 1
832 343 1
336 344 1
337 344 1
338 344 1
343 344 1
344 344 1
345 344 1
350 344 1
351 344 1
352 344 1
337 345 1
338 345 1
339 345 1
344 345 1
345 345 1
346 345 1
351 345 1
352 345 1
353 345 1
338 346 1
339 346 1
340 346 1
345 346 1
346 346 1
347 346 1
352 346 1
353 346 1
354 346 1
339 347 1
340 347 1
341 347 1
346 347 1
347 347 1
348 347 1
353 347 1
354 347 1
355 347 1
718 347 1
719 347 1
340 348 1
341 348 1
342 348 1
347 348 1
348 348 1
349 348 1
354 348 1
355 348 1
356 348 1
341 349 1
342 349 1
348 349 1
349 349 1
355 349 1
356 349 1
343 350 1
344 350 1
350 350 1
351 350 1
357 350 1
358 350 1
831 350 1
832 350 1
343 351 1
344 351 1
345 351 1
350 351 1
351 351 1
352 351 1
357 351 1
358 351 1
359 351 1
344 352 1
345 352 1
346 352 1
351 352 1
352 352 1
353 352 1
358 352 1
359 352 1
360 352 1
345 353 1
346 353 1
347 353 1
352 353 1
353 353 1
354 353 1
359 353 1
360 353 1
361 353 1
346 354 1
347 354 1
348 354 1
353 354 1
354 354 1
355 354 1
360 354 1
361 354 1
362 354 1
717 354 1
718 354 1
724 354 1
347 355 1
348 355 1
349 355 1
354 355 1
355 355 1
356 355 1
361 355 1
362 355 1
363 355 1
348 356 1
349 356 1
355 356 1
356 356 1
362 356 1
363 356 1
350 357 1
351 357 1
357 357 1
358 357 1
396 357 1
400 357 1
407 357 1
830 357 1
831 357 1
350 358 1
351 358 1
352 358 1
357 358 1
358 358 1
359 358 1
400 358 1
407 358 1
415 358 1
351 359 1
352 359 1
353 359 1
358 359 1
359 359 1
360 359 1
407 359 1
415 359 1
423 359 1
352 360 1
353 360 1
354 360 1
359 360 1
360 360 1
361 360 1
415 360 1
423 360 1
431 360 1
353 361 1
354 361 1
355 361 1
360 361 1
361 361 1
362 361 1
431 361 1
724 361 1
354 362 1
355 362 1
356 362 1
361 362 1
362 362 1
363 362 1
431 362 1
439 362 1
447 362 1
355 363 1
356 363 1
362 363 1
363 363 1
439 363 1
447 363 1
364 364 1
365 364 1
368 364 1
369 364 1
454 364 1
455 364 1
540 364 1
541 364 1
626 364 1
627 364 1
812 364 1
833 364 1
869 364 1
905 364 1
957 364 1
966 364 1
978 364 1
990 364 1
364 365 1
365 365 1
366 365 1
368 365 1
369 365 1
370 365 1
454 365 1
455 365 1
456 365 1
540 365 1
541 365 1
542 365 1
626 365 1
627 365 1
628 365 1
812 365 1
833 365 1
869 365 1
905 365 1
957 365 1
958 365 1
966 365 1
967 365 1
978 365 1
979 365 1
990 365 1
991 365 1
365 366 1
366 366 1
367 366 1
369 366 1
370 366 1
371 366 1
455 366 1
456 366 1
457 366 1
541 366 1
542 366 1
543 366 1
627 366 1
628 366 1
629 366 1
957 366 1
958 366 1
959 366 1
966 366 1
967 366 1
968 366 1
978 366 1
979 366 1
980 366 1
990 366 1
991 366 1
992 366 1
366 367 1
367 367 1
370 367 1
371 367 1
456 367 1
457 367 1
542 367 1
543 367 1
628 367 1
629 367 1
956 367 1
958 367 1
959 367 1
967 367 1
968 367 1
979 367 1
980 367 1
991 367 1
992 367 1
364 368 1
365 368 1
368 368 1
369 368 1
372 368 1
373 368 1
812 368 1
814 368 1
833 368 1
835 368 1
957 368 1
960 368 1
966 368 1
969 368 1
364 369 1
365 369 1
366 369 1
368 369 1
369 369 1
370 369 1
372 369 1
373 369 1
374 369 1
812 369 1
814 369 1
833 369 1
835 369 1
957 369 1
958 369 1
960 369 1
961 369 1
966 369 1
967 369 1
969 369 1
970 369 1
365 370 1
366 370 1
367 370 1
369 370 1
370 370 1
371 370 1
373 370 1
374 370 1
375 370 1
957 370 1
958 370 1
959 370 1
960 370 1
961 370 1
966 370 1
967 370 1
968 370 1
969 370 1
970 370 1
366 371 1
367 371 1
370 371 1
371 371 1
374 371 1
375 371 1
956 371 1
958 371 1
959 371 1
961 371 1
967 371 1
968 371 1
970 371 1
368 372 1
369 372 1
372 372 1
373 372 1
376 372 1
377 372 1
814 372 1
816 372 1
835 372 1
837 372 1
960 372 1
964 372 1
969 372 1
973 372 1
368 373 1
369 373 1
370 373 1
372 373 1
373 373 1
374 373 1
376 373 1
377 373 1
378 373 1
814 373 1
816 373 1
835 373 1
837 373 1
960 373 1
961 373 1
964 373 1
969 373 1
970 373 1
973 373 1
369 374 1
370 374 1
371 374 1
373 374 1
374 374 1
375 374 1
377 374 1
378 374 1
379 374 1
960 374 1
961 374 1
964 374 1
969 374 1
970 374 1
973 374 1
370 375 1
371 375 1
374 375 1
375 375 1
379 375 1
372 376 1
373 376 1
376 376 1
377 376 1
380 376 1
381 376 1
816 376 1
818 376 1
819 376 1
821 376 1
837 376 1
839 376 1
841 376 1
964 376 1
973 376 1
372 377 1
373 377 1
374 377 1
376 377 1
377 377 1
378 377 1
380 377 1
381 377 1
382 377 1
816 377 1
821 377 1
837 377 1
841 377 1
960 377 1
961 377 1
964 377 1
969 377 1
970 377 1
973 377 1
373 378 1
374 378 1
377 378 1
378 378 1
379 378 1
382 378 1
383 378 1
374 379 1
375 379 1
378 379 1
379 379 1
383 379 1
376 380 1
377 380 1
380 380 1
381 380 1
384 380 1
385 380 1
816 380 1
821 380 1
824 380 1
837 380 1
841 380 1
844 380 1
964 380 1
973 380 1
376 381 1
377 381 1
380 381 1
381 381 1
382 381 1
385 381 1
386 381 1
377 382 1
378 382 1
381 382 1
382 382 1
383 382 1
386 382 1
387 382 1
378 383 1
379 383 1
382 383 1
383 383 1
387 383 1
380 384 1
384 384 1
385 384 1
388 384 1
389 384 1
821 384 1
824 384 1
826 384 1
841 384 1
844 384 1
846 384 1
380 385 1
381 385 1
384 385 1
385 385 1
386 385 1
389 385 1
390 385 1
381 386 1
382 386 1
385 386 1
386 386 1
387 386 1
390 386 1
391 386 1
382 387 1
383 387 1
386 387 1
387 387 1
391 387 1
384 388 1
388 388 1
389 388 1
392 388 1
393 388 1
824 388 1
826 388 1
828 388 1
844 388 1
846 388 1
848 388 1
384 389 1
385 389 1
388 389 1
389 389 1
390 389 1
393 389 1
394 389 1
385 390 1
386 390 1
389 390 1
390 390 1
391 390 1
394 390 1
395 390 1
386 391 1
387 391 1
390 391 1
391 391 1
395 391 1
388 392 1
392 392 1
393 392 1
396 392 1
397 392 1
826 392 1
828 392 1
846 392 1
848 392 1
388 393 1
389 393 1
392 393 1
393 393 1
394 393 1
397 393 1
398 393 1
389 394 1
390 394 1
393 394 1
394 394 1
395 394 1
398 394 1
399 394 1
390 395 1
391 395 1
394 395 1
395 395 1
399 395 1
0 396 1
357 396 1
392 396 1
396 396 1
397 396 1
400 396 1
828 396 1
830 396 1
848 396 1
850 396 1
392 397 1
393 397 1
396 397 1
397 397 1
398 397 1
400 397 1
401 397 1
393 398 1
394 398 1
397 398 1
398 398 1
399 398 1
401 398 1
402 398 1
403 398 1
394 399 1
395 399 1
398 399 1
399 399 1
403 399 1
0 400 1
1 400 1
357 400 1
358 400 1
396 400 1
397 400 1
400 400 1
401 400 1
407 400 1
397 401 1
398 401 1
400 401 1
401 401 1
402 401 1
407 401 1
408 401 1
409 401 1
398 402 1
401 402 1
402 402 1
403 402 1
409 402 1
410 402 1
398 403 1
399 403 1
402 403 1
403 403 1
404 403 1
410 403 1
403 404 1
404 404 1
405 404 1
410 404 1
411 404 1
404 405 1
405 405 1
406 405 1
411 405 1
412 405 1
405 406 1
406 406 1
412 406 1
413 406 1
414 406 1
0 407 1
1 407 1
2 407 1
357 407 1
358 407 1
359 407 1
400 407 1
401 407 1
407 407 1
408 407 1
415 407 1
401 408 1
407 408 1
408 408 1
409 408 1
415 408 1
416 408 1
401 409 1
402 409 1
408 409 1
409 409 1
410 409 1
416 409 1
417 409 1
402 410 1
403 410 1
404 410 1
409 410 1
410 410 1
411 410 1
417 410 1
418 410 1
404 411 1
405 411 1
410 411 1
411 411 1
412 411 1
418 411 1
419 411 1
405 412 1
406 412 1
411 412 1
412 412 1
413 412 1
419 412 1
420 412 1
406 413 1
412 413 1
413 413 1
414 413 1
420 413 1
421 413 1
406 414 1
413 414 1
414 414 1
421 414 1
422 414 1
1 415 1
2 415 1
3 415 1
358 415 1
359 415 1
360 415 1
407 415 1
408 415 1
415 415 1
416 415 1
423 415 1
408 416 1
409 416 1
415 416 1
416 416 1
417 416 1
423 416 1
424 416 1
409 417 1
410 417 1
416 417 1
417 417 1
418 417 1
424 417 1
425 417 1
410 418 1
411 418 1
417 418 1
418 418 1
419 418 1
425 418 1
426 418 1
411 419 1
412 419 1
418 419 1
419 419 1
420 419 1
426 419 1
427 419 1
412 420 1
413 420 1
419 420 1
420 420 1
421 420 1
427 420 1
428 420 1
413 421 1
414 421 1
420 421 1
421 421 1
422 421 1
428 421 1
429 421 1
414 422 1
421 422 1
422 422 1
429 422 1
430 422 1
2 423 1
3 423 1
359 423 1
360 423 1
415 423 1
416 423 1
423 423 1
424 423 1
431 423 1
416 424 1
417 424 1
423 424 1
424 424 1
425 424 1
431 424 1
432 424 1
417 425 1
418 425 1
424 425 1
425 425 1
426 425 1
432 425 1
433 425 1
434 425 1
418 426 1
419 426 1
425 426 1
426 426 1
427 426 1
434 426 1
419 427 1
420 427 1
426 427 1
427 427 1
428 427 1
434 427 1
435 427 1
420 428 1
421 428 1
427 428 1
428 428 1
429 428 1
435 428 1
436 428 1
421 429 1
422 429 1
428 429 1
429 429 1
430 429 1
436 429 1
437 429 1
422 430 1
429 430 1
430 430 1
437 430 1
438 430 1
3 431 1
4 431 1
5 431 1
360 431 1
361 431 1
362 431 1
423 431 1
424 431 1
431 431 1
432 431 1
439 431 1
440 431 1
724 431 1
737 431 1
424 432 1
425 432 1
431 432 1
432 432 1
433 432 1
440 432 1
441 432 1
723 432 1
724 432 1
736 432 1
737 432 1
425 433 1
432 433 1
433 433 1
434 433 1
441 433 1
442 433 1
723 433 1
736 433 1
425 434 1
426 434 1
427 434 1
433 434 1
434 434 1
435 434 1
442 434 1
443 434 1
715 434 1
723 434 1
728 434 1
736 434 1
427 435 1
428 435 1
434 435 1
435 435 1
436 435 1
443 435 1
444 435 1
714 435 1
715 435 1
727 435 1
728 435 1
428 436 1
429 436 1
435 436 1
436 436 1
437 436 1
444 436 1
445 436 1
713 436 1
714 436 1
726 436 1
727 436 1
429 437 1
430 437 1
436 437 1
437 437 1
438 437 1
445 437 1
446 437 1
712 437 1
713 437 1
725 437 1
726 437 1
430 438 1
437 438 1
438 438 1
446 438 1
712 438 1
725 438 1
5 439 1
6 439 1
362 439 1
363 439 1
431 439 1
439 439 1
440 439 1
447 439 1
448 439 1
431 440 1
432 440 1
439 440 1
440 440 1
441 440 1
448 440 1
449 440 1
432 441 1
433 441 1
440 441 1
441 441 1
442 441 1
449 441 1
450 441 1
433 442 1
434 442 1
441 442 1
442 442 1
443 442 1
450 442 1
451 442 1
434 443 1
435 443 1
442 443 1
443 443 1
444 443 1
451 443 1
452 443 1
435 444 1
436 444 1
443 444 1
444 444 1
445 444 1
452 444 1
453 444 1
436 445 1
437 445 1
444 445 1
445 445 1
446 445 1
453 445 1
437 446 1
438 446 1
445 446 1
446 446 1
453 446 1
5 447 1
6 447 1
362 447 1
363 447 1
439 447 1
447 447 1
448 447 1
439 448 1
440 448 1
447 448 1
448 448 1
449 448 1
440 449 1
441 449 1
448 449 1
449 449 1
450 449 1
441 450 1
442 450 1
449 450 1
450 450 1
451 450 1
442 451 1
443 451 1
450 451 1
451 451 1
452 451 1
443 452 1
444 452 1
451 452 1
452 452 1
453 452 1
444 453 1
445 453 1
446 453 1
452 453 1
453 453 1
364 454 1
365 454 1
454 454 1
455 454 1
458 454 1
459 454 1
833 454 1
853 454 1
869 454 1
871 454 1
966 454 1
975 454 1
978 454 1
981 454 1
364 455 1
365 455 1
366 455 1
454 455 1
455 455 1
456 455 1
458 455 1
459 455 1
460 455 1
833 455 1
853 455 1
869 455 1
871 455 1
966 455 1
967 455 1
975 455 1
976 455 1
978 455 1
979 455 1
981 455 1
982 455 1
365 456 1
366 456 1
367 456 1
455 456 1
456 456 1
457 456 1
459 456 1
460 456 1
461 456 1
966 456 1
967 456 1
968 456 1
975 456 1
976 456 1
978 456 1
979 456 1
980 456 1
981 456 1
982 456 1
366 457 1
367 457 1
456 457 1
457 457 1
460 457 1
461 457 1
956 457 1
967 457 1
968 457 1
976 457 1
979 457 1
980 457 1
982 457 1
454 458 1
455 458 1
458 458 1
459 458 1
462 458 1
463 458 1
853 458 1
854 458 1
871 458 1
873 458 1
975 458 1
977 458 1
981 458 1
985 458 1
454 459 1
455 459 1
456 459 1
458 459 1
459 459 1
460 459 1
462 459 1
463 459 1
464 459 1
853 459 1
854 459 1
871 459 1
873 459 1
975 459 1
976 459 1
977 459 1
981 459 1
982 459 1
985 459 1
455 460 1
456 460 1
457 460 1
459 460 1
460 460 1
461 460 1
463 460 1
464 460 1
465 460 1
975 460 1
976 460 1
977 460 1
981 460 1
982 460 1
985 460 1
456 461 1
457 461 1
460 461 1
461 461 1
465 461 1
458 462 1
459 462 1
462 462 1
463 462 1
466 462 1
467 462 1
854 462 1
855 462 1
856 462 1
857 462 1
873 462 1
875 462 1
877 462 1
977 462 1
985 462 1
458 463 1
459 463 1
460 463 1
462 463 1
463 463 1
464 463 1
466 463 1
467 463 1
468 463 1
854 463 1
857 463 1
873 463 1
877 463 1
975 463 1
976 463 1
977 463 1
981 463 1
982 463 1
985 463 1
459 464 1
460 464 1
463 464 1
464 464 1
465 464 1
468 464 1
469 464 1
460 465 1
461 465 1
464 465 1
465 465 1
469 465 1
462 466 1
463 466 1
466 466 1
467 466 1
470 466 1
471 466 1
854 466 1
857 466 1
860 466 1
873 466 1
877 466 1
880 466 1
977 466 1
985 466 1
462 467 1
463 467 1
466 467 1
467 467 1
468 467 1
471 467 1
472 467 1
463 468 1
464 468 1
467 468 1
468 468 1
469 468 1
472 468 1
473 468 1
464 469 1
465 469 1
468 469 1
469 469 1
473 469 1
466 470 1
470 470 1
471 470 1
474 470 1
475 470 1
857 470 1
860 470 1
862 470 1
877 470 1
880 470 1
882 470 1
466 471 1
467 471 1
470 471 1
471 471 1
472 471 1
475 471 1
476 471 1
467 472 1
468 472 1
471 472 1
472 472 1
473 472 1
476 472 1
477 472 1
468 473 1
469 473 1
472 473 1
473 473 1
477 473 1
470 474 1
474 474 1
475 474 1
478 474 1
479 474 1
860 474 1
862 474 1
864 474 1
880 474 1
882 474 1
884 474 1
470 475 1
471 475 1
474 475 1
475 475 1
476 475 1
479 475 1
480 475 1
471 476 1
472 476 1
475 476 1
476 476 1
477 476 1
480 476 1
481 476 1
472 477 1
473 477 1
476 477 1
477 477 1
481 477 1
474 478 1
478 478 1
479 478 1
482 478 1
483 478 1
862 478 1
864 478 1
882 478 1
884 478 1
474 479 1
475 479 1
478 479 1
479 479 1
480 479 1
483 479 1
484 479 1
475 480 1
476 480 1
479 480 1
480 480 1
481 480 1
484 480 1
485 480 1
476 481 1
477 481 1
480 481 1
481 481 1
485 481 1
84 482 1
91 482 1
478 482 1
482 482 1
483 482 1
486 482 1
864 482 1
866 482 1
884 482 1
886 482 1
478 483 1
479 483 1
482 483 1
483 483 1
484 483 1
486 483 1
487 483 1
479 484 1
480 484 1
483 484 1
484 484 1
485 484 1
487 484 1
488 484 1
489 484 1
480 485 1
481 485 1
484 485 1
485 485 1
489 485 1
84 486 1
85 486 1
91 486 1
92 486 1
482 486 1
483 486 1
486 486 1
487 486 1
493 486 1
483 487 1
484 487 1
486 487 1
487 487 1
488 487 1
493 487 1
494 487 1
495 487 1
484 488 1
487 488 1
488 488 1
489 488 1
495 488 1
496 488 1
484 489 1
485 489 1
488 489 1
489 489 1
490 489 1
496 489 1
489 490 1
490 490 1
491 490 1
496 490 1
497 490 1
490 491 1
491 491 1
492 491 1
497 491 1
498 491 1
491 492 1
492 492 1
498 492 1
499 492 1
500 492 1
84 493 1
85 493 1
86 493 1
91 493 1
92 493 1
93 493 1
486 493 1
487 493 1
493 493 1
494 493 1
501 493 1
487 494 1
493 494 1
494 494 1
495 494 1
501 494 1
502 494 1
487 495 1
488 495 1
494 495 1
495 495 1
496 495 1
502 495 1
503 495 1
488 496 1
489 496 1
490 496 1
495 496 1
496 496 1
497 496 1
503 496 1
504 496 1
490 497 1
491 497 1
496 497 1
497 497 1
498 497 1
504 497 1
505 497 1
491 498 1
492 498 1
497 498 1
498 498 1
499 498 1
505 498 1
506 498 1
492 499 1
498 499 1
499 499 1
500 499 1
506 499 1
507 499 1
492 500 1
499 500 1
500 500 1
507 500 1
508 500 1
85 501 1
86 501 1
87 501 1
92 501 1
93 501 1
94 501 1
493 501 1
494 501 1
501 501 1
502 501 1
509 501 1
494 502 1
495 502 1
501 502 1
502 502 1
503 502 1
509 502 1
510 502 1
495 503 1
496 503 1
502 503 1
503 503 1
504 503 1
510 503 1
511 503 1
496 504 1
497 504 1
503 504 1
504 504 1
505 504 1
511 504 1
512 504 1
497 505 1
498 505 1
504 505 1
505 505 1
506 505 1
512 505 1
513 505 1
498 506 1
499 506 1
505 506 1
506 506 1
507 506 1
513 506 1
514 506 1
499 507 1
500 507 1
506 507 1
507 507 1
508 507 1
514 507 1
515 507 1
500 508 1
507 508 1
508 508 1
515 508 1
516 508 1
86 509 1
87 509 1
93 509 1
94 509 1
501 509 1
502 509 1
509 509 1
510 509 1
517 509 1
502 510 1
503 510 1
509 510 1
510 510 1
511 510 1
517 510 1
518 510 1
503 511 1
504 511 1
510 511 1
511 511 1
512 511 1
518 511 1
519 511 1
520 511 1
504 512 1
505 512 1
511 512 1
512 512 1
513 512 1
520 512 1
505 513 1
506 513 1
512 513 1
513 513 1
514 513 1
520 513 1
521 513 1
506 514 1
507 514 1
513 514 1
514 514 1
515 514 1
521 514 1
522 514 1
507 515 1
508 515 1
514 515 1
515 515 1
516 515 1
522 515 1
523 515 1
508 516 1
515 516 1
516 516 1
523 516 1
524 516 1
87 517 1
88 517 1
89 517 1
94 517 1
95 517 1
96 517 1
509 517 1
510 517 1
517 517 1
518 517 1
525 517 1
526 517 1
749 517 1
762 517 1
510 518 1
511 518 1
517 518 1
518 518 1
519 518 1
526 518 1
527 518 1
748 518 1
749 518 1
761 518 1
762 518 1
511 519 1
518 519 1
519 519 1
520 519 1
527 519 1
528 519 1
748 519 1
761 519 1
511 520 1
512 520 1
513 520 1
519 520 1
520 520 1
521 520 1
528 520 1
529 520 1
741 520 1
748 520 1
753 520 1
761 520 1
513 521 1
514 521 1
520 521 1
521 521 1
522 521 1
529 521 1
530 521 1
740 521 1
741 521 1
752 521 1
753 521 1
514 522 1
515 522 1
521 522 1
522 522 1
523 522 1
530 522 1
531 522 1
739 522 1
740 522 1
751 522 1
752 522 1
515 523 1
516 523 1
522 523 1
523 523 1
524 523 1
531 523 1
532 523 1
738 523 1
739 523 1
750 523 1
751 523 1
516 524 1
523 524 1
524 524 1
532 524 1
738 524 1
750 524 1
89 525 1
90 525 1
96 525 1
97 525 1
517 525 1
525 525 1
526 525 1
533 525 1
534 525 1
517 526 1
518 526 1
525 526 1
526 526 1
527 526 1
534 526 1
535 526 1
518 527 1
519 527 1
526 527 1
527 527 1
528 527 1
535 527 1
536 527 1
519 528 1
520 528 1
527 528 1
528 528 1
529 528 1
536 528 1
537 528 1
520 529 1
521 529 1
528 529 1
529 529 1
530 529 1
537 529 1
538 529 1
521 530 1
522 530 1
529 530 1
530 530 1
531 530 1
538 530 1
539 530 1
522 531 1
523 531 1
530 531 1
531 531 1
532 531 1
539 531 1
523 532 1
524 532 1
531 532 1
532 532 1
539 532 1
89 533 1
90 533 1
96 533 1
97 533 1
525 533 1
533 533 1
534 533 1
525 534 1
526 534 1
533 534 1
534 534 1
535 534 1
526 535 1
527 535 1
534 535 1
535 535 1
536 535 1
527 536 1
528 536 1
535 536 1
536 536 1
537 536 1
528 537 1
529 537 1
536 537 1
537 537 1
538 537 1
529 538 1
530 538 1
537 538 1
538 538 1
539 538 1
530 539 1
531 539 1
532 539 1
538 539 1
539 539 1
364 540 1
365 540 1
540 540 1
541 540 1
544 540 1
545 540 1
869 540 1
889 540 1
905 540 1
907 540 1
978 540 1
987 540 1
990 540 1
993 540 1
364 541 1
365 541 1
366 541 1
540 541 1
541 541 1
542 541 1
544 541 1
545 541 1
546 541 1
869 541 1
889 541 1
905 541 1
907 541 1
978 541 1
979 541 1
987 541 1
988 541 1
990 541 1
991 541 1
993 541 1
994 541 1
365 542 1
366 542 1
367 542 1
541 542 1
542 542 1
543 542 1
545 542 1
546 542 1
547 542 1
978 542 1
979 542 1
980 542 1
987 542 1
988 542 1
990 542 1
991 542 1
992 542 1
993 542 1
994 542 1
366 543 1
367 543 1
542 543 1
543 543 1
546 543 1
547 543 1
956 543 1
979 543 1
980 543 1
988 543 1
991 543 1
992 543 1
994 543 1
540 544 1
541 544 1
544 544 1
545 544 1
548 544 1
549 544 1
889 544 1
890 544 1
907 544 1
909 544 1
987 544 1
989 544 1
993 544 1
997 544 1
540 545 1
541 545 1
542 545 1
544 545 1
545 545 1
546 545 1
548 545 1
549 545 1
550 545 1
889 545 1
890 545 1
907 545 1
909 545 1
987 545 1
988 545 1
989 545 1
993 545 1
994 545 1
997 545 1
541 546 1
542 546 1
543 546 1
545 546 1
546 546 1
547 546 1
549 546 1
550 546 1
551 546 1
987 546 1
988 546 1
989 546 1
993 546 1
994 546 1
997 546 1
542 547 1
543 547 1
546 547 1
547 547 1
551 547 1
544 548 1
545 548 1
548 548 1
549 548 1
552 548 1
553 548 1
890 548 1
891 548 1
892 548 1
893 548 1
909 548 1
911 548 1
913 548 1
989 548 1
997 548 1
544 549 1
545 549 1
546 549 1
548 549 1
549 549 1
550 549 1
552 549 1
553 549 1
554 549 1
890 549 1
893 549 1
909 549 1
913 549 1
987 549 1
988 549 1
989 549 1
993 549 1
994 549 1
997 549 1
545 550 1
546 550 1
549 550 1
550 550 1
551 550 1
554 550 1
555 550 1
546 551 1
547 551 1
550 551 1
551 551 1
555 551 1
548 552 1
549 552 1
552 552 1
553 552 1
556 552 1
557 552 1
890 552 1
893 552 1
896 552 1
909 552 1
913 552 1
916 552 1
989 552 1
997 552 1
548 553 1
549 553 1
552 553 1
553 553 1
554 553 1
557 553 1
558 553 1
549 554 1
550 554 1
553 554 1
554 554 1
555 554 1
558 554 1
559 554 1
550 555 1
551 555 1
554 555 1
555 555 1
559 555 1
552 556 1
556 556 1
557 556 1
560 556 1
561 556 1
893 556 1
896 556 1
898 556 1
913 556 1
916 556 1
918 556 1
552 557 1
553 557 1
556 557 1
557 557 1
558 557 1
561 557 1
562 557 1
553 558 1
554 558 1
557 558 1
558 558 1
559 558 1
562 558 1
563 558 1
554 559 1
555 559 1
558 559 1
559 559 1
563 559 1
556 560 1
560 560 1
561 560 1
564 560 1
565 560 1
896 560 1
898 560 1
900 560 1
916 560 1
918 560 1
920 560 1
556 561 1
557 561 1
560 561 1
561 561 1
562 561 1
565 561 1
566 561 1
557 562 1
558 562 1
561 562 1
562 562 1
563 562 1
566 562 1
567 562 1
558 563 1
559 563 1
562 563 1
563 563 1
567 563 1
560 564 1
564 564 1
565 564 1
568 564 1
569 564 1
898 564 1
900 564 1
918 564 1
920 564 1
560 565 1
561 565 1
564 565 1
565 565 1
566 565 1
569 565 1
570 565 1
561 566 1
562 566 1
565 566 1
566 566 1
567 566 1
570 566 1
571 566 1
562 567 1
563 567 1
566 567 1
567 567 1
571 567 1
175 568 1
182 568 1
564 568 1
568 568 1
569 568 1
572 568 1
900 568 1
902 568 1
920 568 1
922 568 1
564 569 1
565 569 1
568 569 1
569 569 1
570 569 1
572 569 1
573 569 1
565 570 1
566 570 1
569 570 1
570 570 1
571 570 1
573 570 1
574 570 1
575 570 1
566 571 1
567 571 1
570 571 1
571 571 1
575 571 1
175 572 1
176 572 1
182 572 1
183 572 1
568 572 1
569 572 1
572 572 1
573 572 1
579 572 1
569 573 1
570 573 1
572 573 1
573 573 1
574 573 1
579 573 1
580 573 1
581 573 1
570 574 1
573 574 1
574 574 1
575 574 1
581 574 1
582 574 1
570 575 1
571 575 1
574 575 1
575 575 1
576 575 1
582 575 1
575 576 1
576 576 1
577 576 1
582 576 1
583 576 1
576 577 1
577 577 1
578 577 1
583 577 1
584 577 1
577 578 1
578 578 1
584 578 1
585 578 1
586 578 1
175 579 1
176 579 1
177 579 1
182 579 1
183 579 1
184 579 1
572 579 1
573 579 1
579 579 1
580 579 1
587 579 1
573 580 1
579 580 1
580 580 1
581 580 1
587 580 1
588 580 1
573 581 1
574 581 1
580 581 1
581 581 1
582 581 1
588 581 1
589 581 1
574 582 1
575 582 1
576 582 1
581 582 1
582 582 1
583 582 1
589 582 1
590 582 1
576 583 1
577 583 1
582 583 1
583 583 1
584 583 1
590 583 1
591 583 1
577 584 1
578 584 1
583 584 1
584 584 1
585 584 1
591 584 1
592 584 1
578 585 1
584 585 1
585 585 1
586 585 1
592 585 1
593 585 1
578 586 1
585 586 1
586 586 1
593 586 1
594 586 1
176 587 1
177 587 1
178 587 1
183 587 1
184 587 1
185 587 1
579 587 1
580 587 1
587 587 1
588 587 1
595 587 1
580 588 1
581 588 1
587 588 1
588 588 1
589 588 1
595 588 1
596 588 1
581 589 1
582 589 1
588 589 1
589 589 1
590 589 1
596 589 1
597 589 1
582 590 1
583 590 1
589 590 1
590 590 1
591 590 1
597 590 1
598 590 1
583 591 1
584 591 1
590 591 1
591 591 1
592 591 1
598 591 1
599 591 1
584 592 1
585 592 1
591 592 1
592 592 1
593 592 1
599 592 1
600 592 1
585 593 1
586 593 1
592 593 1
593 593 1
594 593 1
600 593 1
601 593 1
586 594 1
593 594 1
594 594 1
601 594 1
602 594 1
177 595 1
178 595 1
184 595 1
185 595 1
587 595 1
588 595 1
595 595 1
596 595 1
603 595 1
588 596 1
589 596 1
595 596 1
596 596 1
597 596 1
603 596 1
604 596 1
589 597 1
590 597 1
596 597 1
597 597 1
598 597 1
604 597 1
605 597 1
606 597 1
590 598 1
591 598 1
597 598 1
598 598 1
599 598 1
606 598 1
591 599 1
592 599 1
598 599 1
599 599 1
600 599 1
606 599 1
607 599 1
592 600 1
593 600 1
599 600 1
600 600 1
601 600 1
607 600 1
608 600 1
593 601 1
594 601 1
600 601 1
601 601 1
602 601 1
608 601 1
609 601 1
594 602 1
601 602 1
602 602 1
609 602 1
610 602 1
178 603 1
179 603 1
180 603 1
185 603 1
186 603 1
187 603 1
595 603 1
596 603 1
603 603 1
604 603 1
611 603 1
612 603 1
774 603 1
787 603 1
596 604 1
597 604 1
603 604 1
604 604 1
605 604 1
612 604 1
613 604 1
773 604 1
774 604 1
786 604 1
787 604 1
597 605 1
604 605 1
605 605 1
606 605 1
613 605 1
614 605 1
773 605 1
786 605 1
597 606 1
598 606 1
599 606 1
605 606 1
606 606 1
607 606 1
614 606 1
615 606 1
766 606 1
773 606 1
778 606 1
786 606 1
599 607 1
600 607 1
606 607 1
607 607 1
608 607 1
615 607 1
616 607 1
765 607 1
766 607 1
777 607 1
778 607 1
600 608 1
601 608 1
607 608 1
608 608 1
609 608 1
616 608 1
617 608 1
764 608 1
765 608 1
776 608 1
777 608 1
601 609 1
602 609 1
608 609 1
609 609 1
610 609 1
617 609 1
618 609 1
763 609 1
764 609 1
775 609 1
776 609 1
602 610 1
609 610 1
610 610 1
618 610 1
763 610 1
775 610 1
180 611 1
181 611 1
187 611 1
188 611 1
603 611 1
611 611 1
612 611 1
619 611 1
620 611 1
603 612 1
604 612 1
611 612 1
612 612 1
613 612 1
620 612 1
621 612 1
604 613 1
605 613 1
612 613 1
613 613 1
614 613 1
621 613 1
622 613 1
605 614 1
606 614 1
613 614 1
614 614 1
615 614 1
622 614 1
623 614 1
606 615 1
607 615 1
614 615 1
615 615 1
616 615 1
623 615 1
624 615 1
607 616 1
608 616 1
615 616 1
616 616 1
617 616 1
624 616 1
625 616 1
608 617 1
609 617 1
616 617 1
617 617 1
618 617 1
625 617 1
609 618 1
610 618 1
617 618 1
618 618 1
625 618 1
180 619 1
181 619 1
187 619 1
188 619 1
611 619 1
619 619 1
620 619 1
611 620 1
612 620 1
619 620 1
620 620 1
621 620 1
612 621 1
613 621 1
620 621 1
621 621 1
622 621 1
613 622 1
614 622 1
621 622 1
622 622 1
623 622 1
614 623 1
615 623 1
622 623 1
623 623 1
624 623 1
615 624 1
616 624 1
623 624 1
624 624 1
625 624 1
616 625 1
617 625 1
618 625 1
624 625 1
625 625 1
364 626 1
365 626 1
626 626 1
627 626 1
630 626 1
631 626 1
812 626 1
905 626 1
925 626 1
941 626 1
957 626 1
990 626 1
999 626 1
1002 626 1
364 627 1
365 627 1
366 627 1
626 627 1
627 627 1
628 627 1
630 627 1
631 627 1
632 627 1
812 627 1
905 627 1
925 627 1
941 627 1
957 627 1
958 627 1
990 627 1
991 627 1
999 627 1
1000 627 1
1002 627 1
1003 627 1
365 628 1
366 628 1
367 628 1
627 628 1
628 628 1
629 628 1
631 628 1
632 628 1
633 628 1
957 628 1
958 628 1
959 628 1
990 628 1
991 628 1
992 628 1
999 628 1
1000 628 1
1002 628 1
1003 628 1
366 629 1
367 629 1
628 629 1
629 629 1
632 629 1
633 629 1
956 629 1
958 629 1
959 629 1
991 629 1
992 629 1
1000 629 1
1003 629 1
626 630 1
627 630 1
630 630 1
631 630 1
634 630 1
635 630 1
925 630 1
926 630 1
941 630 1
942 630 1
999 630 1
1001 630 1
1002 630 1
1004 630 1
626 631 1
627 631 1
628 631 1
630 631 1
631 631 1
632 631 1
634 631 1
635 631 1
636 631 1
925 631 1
926 631 1
941 631 1
942 631 1
999 631 1
1000 631 1
1001 631 1
1002 631 1
1003 631 1
1004 631 1
627 632 1
628 632 1
629 632 1
631 632 1
632 632 1
633 632 1
635 632 1
636 632 1
637 632 1
999 632 1
1000 632 1
1001 632 1
1002 632 1
1003 632 1
1004 632 1
628 633 1
629 633 1
632 633 1
633 633 1
637 633 1
630 634 1
631 634 1
634 634 1
635 634 1
638 634 1
639 634 1
926 634 1
927 634 1
928 634 1
929 634 1
942 634 1
943 634 1
944 634 1
1001 634 1
1004 634 1
630 635 1
631 635 1
632 635 1
634 635 1
635 635 1
636 635 1
638 635 1
639 635 1
640 635 1
926 635 1
929 635 1
942 635 1
944 635 1
999 635 1
1000 635 1
1001 635 1
1002 635 1
1003 635 1
1004 635 1
631 636 1
632 636 1
635 636 1
636 636 1
637 636 1
640 636 1
641 636 1
632 637 1
633 637 1
636 637 1
637 637 1
641 637 1
634 638 1
635 638 1
638 638 1
639 638 1
642 638 1
643 638 1
926 638 1
929 638 1
932 638 1
942 638 1
944 638 1
947 638 1
1001 638 1
1004 638 1
634 639 1
635 639 1
638 639 1
639 639 1
640 639 1
643 639 1
644 639 1
635 640 1
636 640 1
639 640 1
640 640 1
641 640 1
644 640 1
645 640 1
636 641 1
637 641 1
640 641 1
641 641 1
645 641 1
638 642 1
642 642 1
643 642 1
646 642 1
647 642 1
929 642 1
932 642 1
934 642 1
944 642 1
947 642 1
949 642 1
638 643 1
639 643 1
642 643 1
643 643 1
644 643 1
647 643 1
648 643 1
639 644 1
640 644 1
643 644 1
644 644 1
645 644 1
648 644 1
649 644 1
640 645 1
641 645 1
644 645 1
645 645 1
649 645 1
642 646 1
646 646 1
647 646 1
650 646 1
651 646 1
932 646 1
934 646 1
936 646 1
947 646 1
949 646 1
951 646 1
642 647 1
643 647 1
646 647 1
647 647 1
648 647 1
651 647 1
652 647 1
643 648 1
644 648 1
647 648 1
648 648 1
649 648 1
652 648 1
653 648 1
644 649 1
645 649 1
648 649 1
649 649 1
653 649 1
646 650 1
650 650 1
651 650 1
654 650 1
655 650 1
934 650 1
936 650 1
949 650 1
951 650 1
646 651 1
647 651 1
650 651 1
651 651 1
652 651 1
655 651 1
656 651 1
647 652 1
648 652 1
651 652 1
652 652 1
653 652 1
656 652 1
657 652 1
648 653 1
649 653 1
652 653 1
653 653 1
657 653 1
266 654 1
273 654 1
650 654 1
654 654 1
655 654 1
658 654 1
936 654 1
938 654 1
951 654 1
953 654 1
650 655 1
651 655 1
654 655 1
655 655 1
656 655 1
658 655 1
659 655 1
651 656 1
652 656 1
655 656 1
656 656 1
657 656 1
659 656 1
660 656 1
661 656 1
652 657 1
653 657 1
656 657 1
657 657 1
661 657 1
266 658 1
267 658 1
273 658 1
274 658 1
654 658 1
655 658 1
658 658 1
659 658 1
665 658 1
655 659 1
656 659 1
658 659 1
659 659 1
660 659 1
665 659 1
666 659 1
667 659 1
656 660 1
659 660 1
660 660 1
661 660 1
667 660 1
668 660 1
656 661 1
657 661 1
660 661 1
661 661 1
662 661 1
668 661 1
661 662 1
662 662 1
663 662 1
668 662 1
669 662 1
662 663 1
663 663 1
664 663 1
669 663 1
670 663 1
663 664 1
664 664 1
670 664 1
671 664 1
672 664 1
266 665 1
267 665 1
268 665 1
273 665 1
274 665 1
275 665 1
658 665 1
659 665 1
665 665 1
666 665 1
673 665 1
659 666 1
665 666 1
666 666 1
667 666 1
673 666 1
674 666 1
659 667 1
660 667 1
666 667 1
667 667 1
668 667 1
674 667 1
675 667 1
660 668 1
661 668 1
662 668 1
667 668 1
668 668 1
669 668 1
675 668 1
676 668 1
662 669 1
663 669 1
668 669 1
669 669 1
670 669 1
676 669 1
677 669 1
663 670 1
664 670 1
669 670 1
670 670 1
671 670 1
677 670 1
678 670 1
664 671 1
670 671 1
671 671 1
672 671 1
678 671 1
679 671 1
664 672 1
671 672 1
672 672 1
679 672 1
680 672 1
267 673 1
268 673 1
269 673 1
274 673 1
275 673 1
276 673 1
665 673 1
666 673 1
673 673 1
674 673 1
681 673 1
666 674 1
667 674 1
673 674 1
674 674 1
675 674 1
681 674 1
682 674 1
667 675 1
668 675 1
674 675 1
675 675 1
676 675 1
682 675 1
683 675 1
668 676 1
669 676 1
675 676 1
676 676 1
677 676 1
683 676 1
684 676 1
669 677 1
670 677 1
676 677 1
677 677 1
678 677 1
684 677 1
685 677 1
670 678 1
671 678 1
677 678 1
678 678 1
679 678 1
685 678 1
686 678 1
671 679 1
672 679 1
678 679 1
679 679 1
680 679 1
686 679 1
687 679 1
672 680 1
679 680 1
680 680 1
687 680 1
688 680 1
268 681 1
269 681 1
275 681 1
276 681 1
673 681 1
674 681 1
681 681 1
682 681 1
689 681 1
674 682 1
675 682 1
681 682 1
682 682 1
683 682 1
689 682 1
690 682 1
675 683 1
676 683 1
682 683 1
683 683 1
684 683 1
690 683 1
691 683 1
692 683 1
676 684 1
677 684 1
683 684 1
684 684 1
685 684 1
692 684 1
677 685 1
678 685 1
684 685 1
685 685 1
686 685 1
692 685 1
693 685 1
678 686 1
679 686 1
685 686 1
686 686 1
687 686 1
693 686 1
694 686 1
679 687 1
680 687 1
686 687 1
687 687 1
688 687 1
694 687 1
695 687 1
680 688 1
687 688 1
688 688 1
695 688 1
696 688 1
269 689 1
270 689 1
271 689 1
276 689 1
277 689 1
278 689 1
681 689 1
682 689 1
689 689 1
690 689 1
697 689 1
698 689 1
799 689 1
811 689 1
682 690 1
683 690 1
689 690 1
690 690 1
691 690 1
698 690 1
699 690 1
798 690 1
799 690 1
810 690 1
811 690 1
683 691 1
690 691 1
691 691 1
692 691 1
699 691 1
700 691 1
798 691 1
810 691 1
683 692 1
684 692 1
685 692 1
691 692 1
692 692 1
693 692 1
700 692 1
701 692 1
791 692 1
798 692 1
803 692 1
810 692 1
685 693 1
686 693 1
692 693 1
693 693 1
694 693 1
701 693 1
702 693 1
790 693 1
791 693 1
802 693 1
803 693 1
686 694 1
687 694 1
693 694 1
694 694 1
695 694 1
702 694 1
703 694 1
789 694 1
790 694 1
801 694 1
802 694 1
687 695 1
688 695 1
694 695 1
695 695 1
696 695 1
703 695 1
704 695 1
788 695 1
789 695 1
800 695 1
801 695 1
688 696 1
695 696 1
696 696 1
704 696 1
788 696 1
800 696 1
271 697 1
272 697 1
278 697 1
279 697 1
689 697 1
697 697 1
698 697 1
705 697 1
706 697 1
689 698 1
690 698 1
697 698 1
698 698 1
699 698 1
706 698 1
707 698 1
690 699 1
691 699 1
698 699 1
699 699 1
700 699 1
707 699 1
708 699 1
691 700 1
692 700 1
699 700 1
700 700 1
701 700 1
708 700 1
709 700 1
692 701 1
693 701 1
700 701 1
701 701 1
702 701 1
709 701 1
710 701 1
693 702 1
694 702 1
701 702 1
702 702 1
703 702 1
710 702 1
711 702 1
694 703 1
695 703 1
702 703 1
703 703 1
704 703 1
711 703 1
695 704 1
696 704 1
703 704 1
704 704 1
711 704 1
271 705 1
272 705 1
278 705 1
279 705 1
697 705 1
705 705 1
706 705 1
697 706 1
698 706 1
705 706 1
706 706 1
707 706 1
698 707 1
699 707 1
706 707 1
707 707 1
708 707 1
699 708 1
700 708 1
707 708 1
708 708 1
709 708 1
700 709 1
701 709 1
708 709 1
709 709 1
710 709 1
701 710 1
702 710 1
709 710 1
710 710 1
711 710 1
702 711 1
703 711 1
704 711 1
710 711 1
711 711 1
437 712 1
438 712 1
712 712 1
713 712 1
436 713 1
437 713 1
712 713 1
713 713 1
714 713 1
435 714 1
436 714 1
713 714 1
714 714 1
715 714 1
434 715 1
435 715 1
714 715 1
715 715 1
716 715 1
723 715 1
715 716 1
716 716 1
717 716 1
723 716 1
724 716 1
354 717 1
716 717 1
717 717 1
718 717 1
724 717 1
347 718 1
354 718 1
717 718 1
718 718 1
719 718 1
340 719 1
347 719 1
718 719 1
719 719 1
720 719 1
333 720 1
340 720 1
719 720 1
720 720 1
721 720 1
326 721 1
333 721 1
720 721 1
721 721 1
722 721 1
312 722 1
319 722 1
326 722 1
721 722 1
722 722 1
809 722 1
432 723 1
433 723 1
434 723 1
715 723 1
716 723 1
723 723 1
724 723 1
354 724 1
361 724 1
431 724 1
432 724 1
716 724 1
717 724 1
723 724 1
724 724 1
437 725 1
438 725 1
725 725 1
726 725 1
436 726 1
437 726 1
725 726 1
726 726 1
727 726 1
435 727 1
436 727 1
726 727 1
727 727 1
728 727 1
434 728 1
435 728 1
727 728 1
728 728 1
729 728 1
736 728 1
728 729 1
729 729 1
730 729 1
736 729 1
737 729 1
11 730 1
729 730 1
730 730 1
731 730 1
737 730 1
11 731 1
18 731 1
730 731 1
731 731 1
732 731 1
18 732 1
25 732 1
731 732 1
732 732 1
733 732 1
25 733 1
32 733 1
732 733 1
733 733 1
734 733 1
32 734 1
39 734 1
733 734 1
734 734 1
735 734 1
39 735 1
46 735 1
53 735 1
734 735 1
735 735 1
747 735 1
432 736 1
433 736 1
434 736 1
728 736 1
729 736 1
736 736 1
737 736 1
4 737 1
11 737 1
431 737 1
432 737 1
729 737 1
730 737 1
736 737 1
737 737 1
523 738 1
524 738 1
738 738 1
739 738 1
522 739 1
523 739 1
738 739 1
739 739 1
740 739 1
521 740 1
522 740 1
739 740 1
740 740 1
741 740 1
520 741 1
521 741 1
740 741 1
741 741 1
742 741 1
748 741 1
741 742 1
742 742 1
743 742 1
748 742 1
749 742 1
81 743 1
742 743 1
743 743 1
744 743 1
749 743 1
74 744 1
81 744 1
743 744 1
744 744 1
745 744 1
67 745 1
74 745 1
744 745 1
745 745 1
746 745 1
60 746 1
67 746 1
745 746 1
746 746 1
747 746 1
53 747 1
60 747 1
735 747 1
746 747 1
747 747 1
518 748 1
519 748 1
520 748 1
741 748 1
742 748 1
748 748 1
749 748 1
81 749 1
88 749 1
517 749 1
518 749 1
742 749 1
743 749 1
748 749 1
749 749 1
523 750 1
524 750 1
750 750 1
751 750 1
522 751 1
523 751 1
750 751 1
751 751 1
752 751 1
521 752 1
522 752 1
751 752 1
752 752 1
753 752 1
520 753 1
521 753 1
752 753 1
753 753 1
754 753 1
761 753 1
753 754 1
754 754 1
755 754 1
761 754 1
762 754 1
102 755 1
754 755 1
755 755 1
756 755 1
762 755 1
102 756 1
109 756 1
755 756 1
756 756 1
757 756 1
109 757 1
116 757 1
756 757 1
757 757 1
758 757 1
116 758 1
123 758 1
757 758 1
758 758 1
759 758 1
123 759 1
130 759 1
758 759 1
759 759 1
760 759 1
130 760 1
137 760 1
144 760 1
759 760 1
760 760 1
772 760 1
518 761 1
519 761 1
520 761 1
753 761 1
754 761 1
761 761 1
762 761 1
95 762 1
102 762 1
517 762 1
518 762 1
754 762 1
755 762 1
761 762 1
762 762 1
609 763 1
610 763 1
763 763 1
764 763 1
608 764 1
609 764 1
763 764 1
764 764 1
765 764 1
607 765 1
608 765 1
764 765 1
765 765 1
766 765 1
606 766 1
607 766 1
765 766 1
766 766 1
767 766 1
773 766 1
766 767 1
767 767 1
768 767 1
773 767 1
774 767 1
172 768 1
767 768 1
768 768 1
769 768 1
774 768 1
165 769 1
172 769 1
768 769 1
769 769 1
770 769 1
158 770 1
165 770 1
769 770 1
770 770 1
771 770 1
151 771 1
158 771 1
770 771 1
771 771 1
772 771 1
144 772 1
151 772 1
760 772 1
771 772 1
772 772 1
604 773 1
605 773 1
606 773 1
766 773 1
767 773 1
773 773 1
774 773 1
172 774 1
179 774 1
603 774 1
604 774 1
767 774 1
768 774 1
773 774 1
774 774 1
609 775 1
610 775 1
775 775 1
776 775 1
608 776 1
609 776 1
775 776 1
776 776 1
777 776 1
607 777 1
608 777 1
776 777 1
777 777 1
778 777 1
606 778 1
607 778 1
777 778 1
778 778 1
779 778 1
786 778 1
778 779 1
779 779 1
780 779 1
786 779 1
787 779 1
193 780 1
779 780 1
780 780 1
781 780 1
787 780 1
193 781 1
200 781 1
780 781 1
781 781 1
782 781 1
200 782 1
207 782 1
781 782 1
782 782 1
783 782 1
207 783 1
214 783 1
782 783 1
783 783 1
784 783 1
214 784 1
221 784 1
783 784 1
784 784 1
785 784 1
221 785 1
228 785 1
235 785 1
784 785 1
785 785 1
797 785 1
604 786 1
605 786 1
606 786 1
778 786 1
779 786 1
786 786 1
787 786 1
186 787 1
193 787 1
603 787 1
604 787 1
779 787 1
780 787 1
786 787 1
787 787 1
695 788 1
696 788 1
788 788 1
789 788 1
694 789 1
695 789 1
788 789 1
789 789 1
790 789 1
693 790 1
694 790 1
789 790 1
790 790 1
791 790 1
692 791 1
693 791 1
790 791 1
791 791 1
792 791 1
798 791 1
791 792 1
792 792 1
793 792 1
798 792 1
799 792 1
263 793 1
792 793 1
793 793 1
794 793 1
799 793 1
256 794 1
263 794 1
793 794 1
794 794 1
795 794 1
249 795 1
256 795 1
794 795 1
795 795 1
796 795 1
242 796 1
249 796 1
795 796 1
796 796 1
797 796 1
235 797 1
242 797 1
785 797 1
796 797 1
797 797 1
690 798 1
691 798 1
692 798 1
791 798 1
792 798 1
798 798 1
799 798 1
263 799 1
270 799 1
689 799 1
690 799 1
792 799 1
793 799 1
798 799 1
799 799 1
695 800 1
696 800 1
800 800 1
801 800 1
694 801 1
695 801 1
800 801 1
801 801 1
802 801 1
693 802 1
694 802 1
801 802 1
802 802 1
803 802 1
692 803 1
693 803 1
802 803 1
803 803 1
804 803 1
810 803 1
803 804 1
804 804 1
805 804 1
810 804 1
811 804 1
284 805 1
804 805 1
805 805 1
806 805 1
811 805 1
284 806 1
291 806 1
805 806 1
806 806 1
807 806 1
291 807 1
298 807 1
806 807 1
807 807 1
808 807 1
298 808 1
305 808 1
807 808 1
808 808 1
809 808 1
305 809 1
312 809 1
722 809 1
808 809 1
809 809 1
690 810 1
691 810 1
692 810 1
803 810 1
804 810 1
810 810 1
811 810 1
277 811 1
284 811 1
689 811 1
690 811 1
804 811 1
805 811 1
810 811 1
811 811 1
364 812 1
365 812 1
368 812 1
369 812 1
626 812 1
627 812 1
812 812 1
814 812 1
815 812 1
941 812 1
957 812 1
960 812 1
962 812 1
1002 812 1
813 813 1
816 813 1
817 813 1
823 813 1
942 813 1
946 813 1
965 813 1
368 814 1
369 814 1
372 814 1
373 814 1
812 814 1
814 814 1
815 814 1
816 814 1
957 814 1
960 814 1
962 814 1
964 814 1
812 815 1
814 815 1
815 815 1
816 815 1
817 815 1
941 815 1
942 815 1
957 815 1
960 815 1
962 815 1
964 815 1
965 815 1
1002 815 1
1004 815 1
372 816 1
373 816 1
376 816 1
377 816 1
380 816 1
813 816 1
814 816 1
815 816 1
816 816 1
817 816 1
818 816 1
819 816 1
820 816 1
821 816 1
822 816 1
823 816 1
960 816 1
962 816 1
964 816 1
965 816 1
813 817 1
815 817 1
816 817 1
817 817 1
819 817 1
820 817 1
823 817 1
942 817 1
943 817 1
946 817 1
962 817 1
964 817 1
965 817 1
1004 817 1
376 818 1
816 818 1
818 818 1
819 818 1
837 818 1
839 818 1
376 819 1
816 819 1
817 819 1
818 819 1
819 819 1
820 819 1
816 820 1
817 820 1
819 820 1
820 820 1
942 820 1
943 820 1
376 821 1
377 821 1
380 821 1
384 821 1
816 821 1
821 821 1
822 821 1
824 821 1
825 821 1
964 821 1
816 822 1
821 822 1
822 822 1
823 822 1
824 822 1
825 822 1
964 822 1
813 823 1
816 823 1
817 823 1
822 823 1
823 823 1
964 823 1
965 823 1
380 824 1
384 824 1
388 824 1
821 824 1
822 824 1
824 824 1
825 824 1
826 824 1
827 824 1
821 825 1
822 825 1
824 825 1
825 825 1
826 825 1
827 825 1
384 826 1
388 826 1
392 826 1
824 826 1
825 826 1
826 826 1
827 826 1
828 826 1
829 826 1
824 827 1
825 827 1
826 827 1
827 827 1
828 827 1
829 827 1
388 828 1
392 828 1
396 828 1
826 828 1
827 828 1
828 828 1
829 828 1
830 828 1
831 828 1
826 829 1
827 829 1
828 829 1
829 829 1
831 829 1
832 829 1
357 830 1
396 830 1
828 830 1
830 830 1
831 830 1
350 831 1
357 831 1
828 831 1
829 831 1
830 831 1
831 831 1
832 831 1
343 832 1
350 832 1
829 832 1
831 832 1
832 832 1
364 833 1
365 833 1
368 833 1
369 833 1
454 833 1
455 833 1
833 833 1
835 833 1
836 833 1
853 833 1
966 833 1
969 833 1
971 833 1
975 833 1
834 834 1
837 834 1
838 834 1
843 834 1
854 834 1
859 834 1
974 834 1
368 835 1
369 835 1
372 835 1
373 835 1
833 835 1
835 835 1
836 835 1
837 835 1
966 835 1
969 835 1
971 835 1
973 835 1
833 836 1
835 836 1
836 836 1
837 836 1
838 836 1
853 836 1
854 836 1
966 836 1
969 836 1
971 836 1
973 836 1
974 836 1
975 836 1
977 836 1
372 837 1
373 837 1
376 837 1
377 837 1
380 837 1
818 837 1
834 837 1
835 837 1
836 837 1
837 837 1
838 837 1
839 837 1
840 837 1
841 837 1
842 837 1
843 837 1
969 837 1
971 837 1
973 837 1
974 837 1
834 838 1
836 838 1
837 838 1
838 838 1
839 838 1
840 838 1
843 838 1
854 838 1
856 838 1
859 838 1
971 838 1
973 838 1
974 838 1
977 838 1
376 839 1
818 839 1
837 839 1
838 839 1
839 839 1
840 839 1
837 840 1
838 840 1
839 840 1
840 840 1
854 840 1
856 840 1
376 841 1
377 841 1
380 841 1
384 841 1
837 841 1
841 841 1
842 841 1
844 841 1
845 841 1
973 841 1
837 842 1
841 842 1
842 842 1
843 842 1
844 842 1
845 842 1
973 842 1
834 843 1
837 843 1
838 843 1
842 843 1
843 843 1
973 843 1
974 843 1
380 844 1
384 844 1
388 844 1
841 844 1
842 844 1
844 844 1
845 844 1
846 844 1
847 844 1
841 845 1
842 845 1
844 845 1
845 845 1
846 845 1
847 845 1
384 846 1
388 846 1
392 846 1
844 846 1
845 846 1
846 846 1
847 846 1
848 846 1
849 846 1
844 847 1
845 847 1
846 847 1
847 847 1
848 847 1
849 847 1
388 848 1
392 848 1
396 848 1
846 848 1
847 848 1
848 848 1
849 848 1
850 848 1
851 848 1
846 849 1
847 849 1
848 849 1
849 849 1
851 849 1
852 849 1
0 850 1
396 850 1
848 850 1
850 850 1
851 850 1
0 851 1
7 851 1
848 851 1
849 851 1
850 851 1
851 851 1
852 851 1
7 852 1
14 852 1
849 852 1
851 852 1
852 852 1
454 853 1
455 853 1
458 853 1
459 853 1
833 853 1
836 853 1
853 853 1
854 853 1
966 853 1
971 853 1
975 853 1
977 853 1
458 854 1
459 854 1
462 854 1
463 854 1
466 854 1
834 854 1
836 854 1
838 854 1
840 854 1
853 854 1
854 854 1
855 854 1
856 854 1
857 854 1
858 854 1
859 854 1
971 854 1
974 854 1
975 854 1
977 854 1
462 855 1
854 855 1
855 855 1
856 855 1
873 855 1
875 855 1
462 856 1
838 856 1
840 856 1
854 856 1
855 856 1
856 856 1
462 857 1
463 857 1
466 857 1
470 857 1
854 857 1
857 857 1
858 857 1
860 857 1
861 857 1
977 857 1
854 858 1
857 858 1
858 858 1
859 858 1
860 858 1
861 858 1
977 858 1
834 859 1
838 859 1
854 859 1
858 859 1
859 859 1
974 859 1
977 859 1
466 860 1
470 860 1
474 860 1
857 860 1
858 860 1
860 860 1
861 860 1
862 860 1
863 860 1
857 861 1
858 861 1
860 861 1
861 861 1
862 861 1
863 861 1
470 862 1
474 862 1
478 862 1
860 862 1
861 862 1
862 862 1
863 862 1
864 862 1
865 862 1
860 863 1
861 863 1
862 863 1
863 863 1
864 863 1
865 863 1
474 864 1
478 864 1
482 864 1
862 864 1
863 864 1
864 864 1
865 864 1
866 864 1
867 864 1
862 865 1
863 865 1
864 865 1
865 865 1
867 865 1
868 865 1
84 866 1
482 866 1
864 866 1
866 866 1
867 866 1
77 867 1
84 867 1
864 867 1
865 867 1
866 867 1
867 867 1
868 867 1
70 868 1
77 868 1
865 868 1
867 868 1
868 868 1
364 869 1
365 869 1
454 869 1
455 869 1
540 869 1
541 869 1
869 869 1
871 869 1
872 869 1
889 869 1
978 869 1
981 869 1
983 869 1
987 869 1
870 870 1
873 870 1
874 870 1
879 870 1
890 870 1
895 870 1
986 870 1
454 871 1
455 871 1
458 871 1
459 871 1
869 871 1
871 871 1
872 871 1
873 871 1
978 871 1
981 871 1
983 871 1
985 871 1
869 872 1
871 872 1
872 872 1
873 872 1
874 872 1
889 872 1
890 872 1
978 872 1
981 872 1
983 872 1
985 872 1
986 872 1
987 872 1
989 872 1
458 873 1
459 873 1
462 873 1
463 873 1
466 873 1
855 873 1
870 873 1
871 873 1
872 873 1
873 873 1
874 873 1
875 873 1
876 873 1
877 873 1
878 873 1
879 873 1
981 873 1
983 873 1
985 873 1
986 873 1
870 874 1
872 874 1
873 874 1
874 874 1
875 874 1
876 874 1
879 874 1
890 874 1
892 874 1
895 874 1
983 874 1
985 874 1
986 874 1
989 874 1
462 875 1
855 875 1
873 875 1
874 875 1
875 875 1
876 875 1
873 876 1
874 876 1
875 876 1
876 876 1
890 876 1
892 876 1
462 877 1
463 877 1
466 877 1
470 877 1
873 877 1
877 877 1
878 877 1
880 877 1
881 877 1
985 877 1
873 878 1
877 878 1
878 878 1
879 878 1
880 878 1
881 878 1
985 878 1
870 879 1
873 879 1
874 879 1
878 879 1
879 879 1
985 879 1
986 879 1
466 880 1
470 880 1
474 880 1
877 880 1
878 880 1
880 880 1
881 880 1
882 880 1
883 880 1
877 881 1
878 881 1
880 881 1
881 881 1
882 881 1
883 881 1
470 882 1
474 882 1
478 882 1
880 882 1
881 882 1
882 882 1
883 882 1
884 882 1
885 882 1
880 883 1
881 883 1
882 883 1
883 883 1
884 883 1
885 883 1
474 884 1
478 884 1
482 884 1
882 884 1
883 884 1
884 884 1
885 884 1
886 884 1
887 884 1
882 885 1
883 885 1
884 885 1
885 885 1
887 885 1
888 885 1
91 886 1
482 886 1
884 886 1
886 886 1
887 886 1
91 887 1
98 887 1
884 887 1
885 887 1
886 887 1
887 887 1
888 887 1
98 888 1
105 888 1
885 888 1
887 888 1
888 888 1
540 889 1
541 889 1
544 889 1
545 889 1
869 889 1
872 889 1
889 889 1
890 889 1
978 889 1
983 889 1
987 889 1
989 889 1
544 890 1
545 890 1
548 890 1
549 890 1
552 890 1
870 890 1
872 890 1
874 890 1
876 890 1
889 890 1
890 890 1
891 890 1
892 890 1
893 890 1
894 890 1
895 890 1
983 890 1
986 890 1
987 890 1
989 890 1
548 891 1
890 891 1
891 891 1
892 891 1
909 891 1
911 891 1
548 892 1
874 892 1
876 892 1
890 892 1
891 892 1
892 892 1
548 893 1
549 893 1
552 893 1
556 893 1
890 893 1
893 893 1
894 893 1
896 893 1
897 893 1
989 893 1
890 894 1
893 894 1
894 894 1
895 894 1
896 894 1
897 894 1
989 894 1
870 895 1
874 895 1
890 895 1
894 895 1
895 895 1
986 895 1
989 895 1
552 896 1
556 896 1
560 896 1
893 896 1
894 896 1
896 896 1
897 896 1
898 896 1
899 896 1
893 897 1
894 897 1
896 897 1
897 897 1
898 897 1
899 897 1
556 898 1
560 898 1
564 898 1
896 898 1
897 898 1
898 898 1
899 898 1
900 898 1
901 898 1
896 899 1
897 899 1
898 899 1
899 899 1
900 899 1
901 899 1
560 900 1
564 900 1
568 900 1
898 900 1
899 900 1
900 900 1
901 900 1
902 900 1
903 900 1
898 901 1
899 901 1
900 901 1
901 901 1
903 901 1
904 901 1
175 902 1
568 902 1
900 902 1
902 902 1
903 902 1
168 903 1
175 903 1
900 903 1
901 903 1
902 903 1
903 903 1
904 903 1
161 904 1
168 904 1
901 904 1
903 904 1
904 904 1
364 905 1
365 905 1
540 905 1
541 905 1
626 905 1
627 905 1
905 905 1
907 905 1
908 905 1
925 905 1
990 905 1
993 905 1
995 905 1
999 905 1
906 906 1
909 906 1
910 906 1
915 906 1
926 906 1
931 906 1
998 906 1
540 907 1
541 907 1
544 907 1
545 907 1
905 907 1
907 907 1
908 907 1
909 907 1
990 907 1
993 907 1
995 907 1
997 907 1
905 908 1
907 908 1
908 908 1
909 908 1
910 908 1
925 908 1
926 908 1
990 908 1
993 908 1
995 908 1
997 908 1
998 908 1
999 908 1
1001 908 1
544 909 1
545 909 1
548 909 1
549 909 1
552 909 1
891 909 1
906 909 1
907 909 1
908 909 1
909 909 1
910 909 1
911 909 1
912 909 1
913 909 1
914 909 1
915 909 1
993 909 1
995 909 1
997 909 1
998 909 1
906 910 1
908 910 1
909 910 1
910 910 1
911 910 1
912 910 1
915 910 1
926 910 1
928 910 1
931 910 1
995 910 1
997 910 1
998 910 1
1001 910 1
548 911 1
891 911 1
909 911 1
910 911 1
911 911 1
912 911 1
909 912 1
910 912 1
911 912 1
912 912 1
926 912 1
928 912 1
548 913 1
549 913 1
552 913 1
556 913 1
909 913 1
913 913 1
914 913 1
916 913 1
917 913 1
997 913 1
909 914 1
913 914 1
914 914 1
915 914 1
916 914 1
917 914 1
997 914 1
906 915 1
909 915 1
910 915 1
914 915 1
915 915 1
997 915 1
998 915 1
552 916 1
556 916 1
560 916 1
913 916 1
914 916 1
916 916 1
917 916 1
918 916 1
919 916 1
913 917 1
914 917 1
916 917 1
917 917 1
918 917 1
919 917 1
556 918 1
560 918 1
564 918 1
916 918 1
917 918 1
918 918 1
919 918 1
920 918 1
921 918 1
916 919 1
917 919 1
918 919 1
919 919 1
920 919 1
921 919 1
560 920 1
564 920 1
568 920 1
918 920 1
919 920 1
920 920 1
921 920 1
922 920 1
923 920 1
918 921 1
919 921 1
920 921 1
921 921 1
923 921 1
924 921 1
182 922 1
568 922 1
920 922 1
922 922 1
923 922 1
182 923 1
189 923 1
920 923 1
921 923 1
922 923 1
923 923 1
924 923 1
189 924 1
196 924 1
921 924 1
923 924 1
924 924 1
626 925 1
627 925 1
630 925 1
631 925 1
905 925 1
908 925 1
925 925 1
926 925 1
990 925 1
995 925 1
999 925 1
1001 925 1
630 926 1
631 926 1
634 926 1
635 926 1
638 926 1
906 926 1
908 926 1
910 926 1
912 926 1
925 926 1
926 926 1
927 926 1
928 926 1
929 926 1
930 926 1
931 926 1
995 926 1
998 926 1
999 926 1
1001 926 1
634 927 1
926 927 1
927 927 1
928 927 1
942 927 1
943 927 1
634 928 1
910 928 1
912 928 1
926 928 1
927 928 1
928 928 1
634 929 1
635 929 1
638 929 1
642 929 1
926 929 1
929 929 1
930 929 1
932 929 1
933 929 1
1001 929 1
926 930 1
929 930 1
930 930 1
931 930 1
932 930 1
933 930 1
1001 930 1
906 931 1
910 931 1
926 931 1
930 931 1
931 931 1
998 931 1
1001 931 1
638 932 1
642 932 1
646 932 1
929 932 1
930 932 1
932 932 1
933 932 1
934 932 1
935 932 1
929 933 1
930 933 1
932 933 1
933 933 1
934 933 1
935 933 1
642 934 1
646 934 1
650 934 1
932 934 1
933 934 1
934 934 1
935 934 1
936 934 1
937 934 1
932 935 1
933 935 1
934 935 1
935 935 1
936 935 1
937 935 1
646 936 1
650 936 1
654 936 1
934 936 1
935 936 1
936 936 1
937 936 1
938 936 1
939 936 1
934 937 1
935 937 1
936 937 1
937 937 1
939 937 1
940 937 1
266 938 1
654 938 1
936 938 1
938 938 1
939 938 1
259 939 1
266 939 1
936 939 1
937 939 1
938 939 1
939 939 1
940 939 1
252 940 1
259 940 1
937 940 1
939 940 1
940 940 1
626 941 1
627 941 1
630 941 1
631 941 1
812 941 1
815 941 1
941 941 1
942 941 1
957 941 1
962 941 1
1002 941 1
1004 941 1
630 942 1
631 942 1
634 942 1
635 942 1
638 942 1
813 942 1
815 942 1
817 942 1
820 942 1
927 942 1
941 942 1
942 942 1
943 942 1
944 942 1
945 942 1
946 942 1
962 942 1
965 942 1
1002 942 1
1004 942 1
634 943 1
817 943 1
820 943 1
927 943 1
942 943 1
943 943 1
634 944 1
635 944 1
638 944 1
642 944 1
942 944 1
944 944 1
945 944 1
947 944 1
948 944 1
1004 944 1
942 945 1
944 945 1
945 945 1
946 945 1
947 945 1
948 945 1
1004 945 1
813 946 1
817 946 1
942 946 1
945 946 1
946 946 1
965 946 1
1004 946 1
638 947 1
642 947 1
646 947 1
944 947 1
945 947 1
947 947 1
948 947 1
949 947 1
950 947 1
944 948 1
945 948 1
947 948 1
948 948 1
949 948 1
950 948 1
642 949 1
646 949 1
650 949 1
947 949 1
948 949 1
949 949 1
950 949 1
951 949 1
952 949 1
947 950 1
948 950 1
949 950 1
950 950 1
951 950 1
952 950 1
646 951 1
650 951 1
654 951 1
949 951 1
950 951 1
951 951 1
952 951 1
953 951 1
954 951 1
949 952 1
950 952 1
951 952 1
952 952 1
954 952 1
955 952 1
273 953 1
654 953 1
951 953 1
953 953 1
954 953 1
273 954 1
280 954 1
951 954 1
952 954 1
953 954 1
954 954 1
955 954 1
280 955 1
287 955 1
952 955 1
954 955 1
955 955 1
367 956 1
371 956 1
457 956 1
543 956 1
629 956 1
956 956 1
959 956 1
968 956 1
980 956 1
992 956 1
364 957 1
365 957 1
366 957 1
368 957 1
369 957 1
370 957 1
626 957 1
627 957 1
628 957 1
812 957 1
814 957 1
815 957 1
941 957 1
957 957 1
958 957 1
960 957 1
961 957 1
962 957 1
963 957 1
1002 957 1
1003 957 1
365 958 1
366 958 1
367 958 1
369 958 1
370 958 1
371 958 1
627 958 1
628 958 1
629 958 1
957 958 1
958 958 1
959 958 1
960 958 1
961 958 1
962 958 1
963 958 1
1002 958 1
1003 958 1
366 959 1
367 959 1
370 959 1
371 959 1
628 959 1
629 959 1
956 959 1
958 959 1
959 959 1
961 959 1
963 959 1
1003 959 1
368 960 1
369 960 1
370 960 1
372 960 1
373 960 1
374 960 1
377 960 1
812 960 1
814 960 1
815 960 1
816 960 1
957 960 1
958 960 1
960 960 1
961 960 1
962 960 1
963 960 1
964 960 1
965 960 1
369 961 1
370 961 1
371 961 1
373 961 1
374 961 1
377 961 1
957 961 1
958 961 1
959 961 1
960 961 1
961 961 1
962 961 1
963 961 1
964 961 1
965 961 1
812 962 1
814 962 1
815 962 1
816 962 1
817 962 1
941 962 1
942 962 1
957 962 1
958 962 1
960 962 1
961 962 1
962 962 1
963 962 1
964 962 1
965 962 1
1002 962 1
1003 962 1
1004 962 1
957 963 1
958 963 1
959 963 1
960 963 1
961 963 1
962 963 1
963 963 1
964 963 1
965 963 1
1002 963 1
1003 963 1
1004 963 1
372 964 1
373 964 1
374 964 1
376 964 1
377 964 1
380 964 1
814 964 1
815 964 1
816 964 1
817 964 1
821 964 1
822 964 1
823 964 1
960 964 1
961 964 1
962 964 1
963 964 1
964 964 1
965 964 1
813 965 1
815 965 1
816 965 1
817 965 1
823 965 1
942 965 1
946 965 1
960 965 1
961 965 1
962 965 1
963 965 1
964 965 1
965 965 1
1002 965 1
1003 965 1
1004 965 1
364 966 1
365 966 1
366 966 1
368 966 1
369 966 1
370 966 1
454 966 1
455 966 1
456 966 1
833 966 1
835 966 1
836 966 1
853 966 1
966 966 1
967 966 1
969 966 1
970 966 1
971 966 1
972 966 1
975 966 1
976 966 1
365 967 1
366 967 1
367 967 1
369 967 1
370 967 1
371 967 1
455 967 1
456 967 1
457 967 1
966 967 1
967 967 1
968 967 1
969 967 1
970 967 1
971 967 1
972 967 1
975 967 1
976 967 1
366 968 1
367 968 1
370 968 1
371 968 1
456 968 1
457 968 1
956 968 1
967 968 1
968 968 1
970 968 1
972 968 1
976 968 1
368 969 1
369 969 1
370 969 1
372 969 1
373 969 1
374 969 1
377 969 1
833 969 1
835 969 1
836 969 1
837 969 1
966 969 1
967 969 1
969 969 1
970 969 1
971 969 1
972 969 1
973 969 1
974 969 1
369 970 1
370 970 1
371 970 1
373 970 1
374 970 1
377 970 1
966 970 1
967 970 1
968 970 1
969 970 1
970 970 1
971 970 1
972 970 1
973 970 1
974 970 1
833 971 1
835 971 1
836 971 1
837 971 1
838 971 1
853 971 1
854 971 1
966 971 1
967 971 1
969 971 1
970 971 1
971 971 1
972 971 1
973 971 1
974 971 1
975 971 1
976 971 1
977 971 1
966 972 1
967 972 1
968 972 1
969 972 1
970 972 1
971 972 1
972 972 1
973 972 1
974 972 1
975 972 1
976 972 1
977 972 1
372 973 1
373 973 1
374 973 1
376 973 1
377 973 1
380 973 1
835 973 1
836 973 1
837 973 1
838 973 1
841 973 1
842 973 1
843 973 1
969 973 1
970 973 1
971 973 1
972 973 1
973 973 1
974 973 1
834 974 1
836 974 1
837 974 1
838 974 1
843 974 1
854 974 1
859 974 1
969 974 1
970 974 1
971 974 1
972 974 1
973 974 1
974 974 1
975 974 1
976 974 1
977 974 1
454 975 1
455 975 1
456 975 1
458 975 1
459 975 1
460 975 1
463 975 1
833 975 1
836 975 1
853 975 1
854 975 1
966 975 1
967 975 1
971 975 1
972 975 1
974 975 1
975 975 1
976 975 1
977 975 1
455 976 1
456 976 1
457 976 1
459 976 1
460 976 1
463 976 1
966 976 1
967 976 1
968 976 1
971 976 1
972 976 1
974 976 1
975 976 1
976 976 1
977 976 1
458 977 1
459 977 1
460 977 1
462 977 1
463 977 1
466 977 1
836 977 1
838 977 1
853 977 1
854 977 1
857 977 1
858 977 1
859 977 1
971 977 1
972 977 1
974 977 1
975 977 1
976 977 1
977 977 1
364 978 1
365 978 1
366 978 1
454 978 1
455 978 1
456 978 1
540 978 1
541 978 1
542 978 1
869 978 1
871 978 1
872 978 1
889 978 1
978 978 1
979 978 1
981 978 1
982 978 1
983 978 1
984 978 1
987 978 1
988 978 1
365 979 1
366 979 1
367 979 1
455 979 1
456 979 1
457 979 1
541 979 1
542 979 1
543 979 1
978 979 1
979 979 1
980 979 1
981 979 1
982 979 1
983 979 1
984 979 1
987 979 1
988 979 1
366 980 1
367 980 1
456 980 1
457 980 1
542 980 1
543 980 1
956 980 1
979 980 1
980 980 1
982 980 1
984 980 1
988 980 1
454 981 1
455 981 1
456 981 1
458 981 1
459 981 1
460 981 1
463 981 1
869 981 1
871 981 1
872 981 1
873 981 1
978 981 1
979 981 1
981 981 1
982 981 1
983 981 1
984 981 1
985 981 1
986 981 1
455 982 1
456 982 1
457 982 1
459 982 1
460 982 1
463 982 1
978 982 1
979 982 1
980 982 1
981 982 1
982 982 1
983 982 1
984 982 1
985 982 1
986 982 1
869 983 1
871 983 1
872 983 1
873 983 1
874 983 1
889 983 1
890 983 1
978 983 1
979 983 1
981 983 1
982 983 1
983 983 1
984 983 1
985 983 1
986 983 1
987 983 1
988 983 1
989 983 1
978 984 1
979 984 1
980 984 1
981 984 1
982 984 1
983 984 1
984 984 1
985 984 1
986 984 1
987 984 1
988 984 1
989 984 1
458 985 1
459 985 1
460 985 1
462 985 1
463 985 1
466 985 1
871 985 1
872 985 1
873 985 1
874 985 1
877 985 1
878 985 1
879 985 1
981 985 1
982 985 1
983 985 1
984 985 1
985 985 1
986 985 1
870 986 1
872 986 1
873 986 1
874 986 1
879 986 1
890 986 1
895 986 1
981 986 1
982 986 1
983 986 1
984 986 1
985 986 1
986 986 1
987 986 1
988 986 1
989 986 1
540 987 1
541 987 1
542 987 1
544 987 1
545 987 1
546 987 1
549 987 1
869 987 1
872 987 1
889 987 1
890 987 1
978 987 1
979 987 1
983 987 1
984 987 1
986 987 1
987 987 1
988 987 1
989 987 1
541 988 1
542 988 1
543 988 1
545 988 1
546 988 1
549 988 1
978 988 1
979 988 1
980 988 1
983 988 1
984 988 1
986 988 1
987 988 1
988 988 1
989 988 1
544 989 1
545 989 1
546 989 1
548 989 1
549 989 1
552 989 1
872 989 1
874 989 1
889 989 1
890 989 1
893 989 1
894 989 1
895 989 1
983 989 1
984 989 1
986 989 1
987 989 1
988 989 1
989 989 1
364 990 1
365 990 1
366 990 1
540 990 1
541 990 1
542 990 1
626 990 1
627 990 1
628 990 1
905 990 1
907 990 1
908 990 1
925 990 1
990 990 1
991 990 1
993 990 1
994 990 1
995 990 1
996 990 1
999 990 1
1000 990 1
365 991 1
366 991 1
367 991 1
541 991 1
542 991 1
543 991 1
627 991 1
628 991 1
629 991 1
990 991 1
991 991 1
992 991 1
993 991 1
994 991 1
995 991 1
996 991 1
999 991 1
1000 991 1
366 992 1
367 992 1
542 992 1
543 992 1
628 992 1
629 992 1
956 992 1
991 992 1
992 992 1
994 992 1
996 992 1
1000 992 1
540 993 1
541 993 1
542 993 1
544 993 1
545 993 1
546 993 1
549 993 1
905 993 1
907 993 1
908 993 1
909 993 1
990 993 1
991 993 1
993 993 1
994 993 1
995 993 1
996 993 1
997 993 1
998 993 1
541 994 1
542 994 1
543 994 1
545 994 1
546 994 1
549 994 1
990 994 1
991 994 1
992 994 1
993 994 1
994 994 1
995 994 1
996 994 1
997 994 1
998 994 1
905 995 1
907 995 1
908 995 1
909 995 1
910 995 1
925 995 1
926 995 1
990 995 1
991 995 1
993 995 1
994 995 1
995 995 1
996 995 1
997 995 1
998 995 1
999 995 1
1000 995 1
1001 995 1
990 996 1
991 996 1
992 996 1
993 996 1
994 996 1
995 996 1
996 996 1
997 996 1
998 996 1
999 996 1
1000 996 1
1001 996 1
544 997 1
545 997 1
546 997 1
548 997 1
549 997 1
552 997 1
907 997 1
908 997 1
909 997 1
910 997 1
913 997 1
914 997 1
915 997 1
993 997 1
994 997 1
995 997 1
996 997 1
997 997 1
998 997 1
906 998 1
908 998 1
909 998 1
910 998 1
915 998 1
926 998 1
931 998 1
993 998 1
994 998 1
995 998 1
996 998 1
997 998 1
998 998 1
999 998 1
1000 998 1
1001 998 1
626 999 1
627 999 1
628 999 1
630 999 1
631 999 1
632 999 1
635 999 1
905 999 1
908 999 1
925 999 1
926 999 1
990 999 1
991 999 1
995 999 1
996 999 1
998 999 1
999 999 1
1000 999 1
1001 999 1
627 1000 1
628 1000 1
629 1000 1
631 1000 1
632 1000 1
635 1000 1
990 1000 1
991 1000 1
992 1000 1
995 1000 1
996 1000 1
998 1000 1
999 1000 1
1000 1000 1
1001 1000 1
630 1001 1
631 1001 1
632 1001 1
634 1001 1
635 1001 1
638 1001 1
908 1001 1
910 1001 1
925 1001 1
926 1001 1
929 1001 1
930 1001 1
931 1001 1
995 1001 1
996 1001 1
998 1001 1
999 1001 1
1000 1001 1
1001 1001 1
626 1002 1
627 1002 1
628 1002 1
630 1002 1
631 1002 1
632 1002 1
635 1002 1
812 1002 1
815 1002 1
941 1002 1
942 1002 1
957 1002 1
958 1002 1
962 1002 1
963 1002 1
965 1002 1
1002 1002 1
1003 1002 1
1004 1002 1
627 1003 1
628 1003 1
629 1003 1
631 1003 1
632 1003 1
635 1003 1
957 1003 1
958 1003 1
959 1003 1
962 1003 1
963 1003 1
965 1003 1
1002 1003 1
1003 1003 1
1004 1003 1
630 1004 1
631 1004 1
632 1004 1
634 1004 1
635 1004 1
638 1004 1
815 1004 1
817 1004 1
941 1004 1
942 1004 1
944 1004 1
945 1004 1
946 1004 1
962 1004 1
963 1004 1
965 1004 1
1002 1004 1
1003 1004 1
1004 1004 1
